Theta [deg.]  Phi   [deg.]  Abs(Grlz)[dBi   ]   Abs(Horiz)[dBi   ]  Phase(Horiz)[deg.]  Abs(Verti)[dBi   ]  Phase(Verti)[deg.]  Ax.Ratio[dB    ]    
------------------------------------------------------------------------------------------------------------------------------------------------------
   0.000          90.000            8.484e+00           8.451e+00             258.964          -1.267e+01             342.510           2.118e+01     
   1.000          90.000            8.514e+00           8.482e+00             258.729          -1.277e+01             340.271           2.135e+01     
   2.000          90.000            8.538e+00           8.506e+00             258.506          -1.286e+01             338.000           2.152e+01     
   3.000          90.000            8.555e+00           8.524e+00             258.293          -1.294e+01             335.709           2.168e+01     
   4.000          90.000            8.565e+00           8.535e+00             258.090          -1.301e+01             333.409           2.184e+01     
   5.000          90.000            8.569e+00           8.539e+00             257.898          -1.307e+01             331.108           2.200e+01     
   6.000          90.000            8.566e+00           8.537e+00             257.715          -1.313e+01             328.819           2.215e+01     
   7.000          90.000            8.557e+00           8.527e+00             257.543          -1.317e+01             326.550           2.230e+01     
   8.000          90.000            8.541e+00           8.511e+00             257.380          -1.321e+01             324.312           2.245e+01     
   9.000          90.000            8.518e+00           8.489e+00             257.228          -1.323e+01             322.113           2.259e+01     
  10.000          90.000            8.489e+00           8.459e+00             257.084          -1.325e+01             319.961           2.274e+01     
  11.000          90.000            8.453e+00           8.423e+00             256.950          -1.327e+01             317.864           2.288e+01     
  12.000          90.000            8.410e+00           8.381e+00             256.825          -1.328e+01             315.827           2.301e+01     
  13.000          90.000            8.361e+00           8.331e+00             256.709          -1.328e+01             313.855           2.315e+01     
  14.000          90.000            8.305e+00           8.275e+00             256.601          -1.329e+01             311.952           2.328e+01     
  15.000          90.000            8.243e+00           8.212e+00             256.502          -1.329e+01             310.121           2.341e+01     
  16.000          90.000            8.174e+00           8.143e+00             256.411          -1.329e+01             308.364           2.353e+01     
  17.000          90.000            8.099e+00           8.067e+00             256.328          -1.329e+01             306.681           2.366e+01     
  18.000          90.000            8.017e+00           7.985e+00             256.253          -1.330e+01             305.073           2.378e+01     
  19.000          90.000            7.928e+00           7.896e+00             256.185          -1.330e+01             303.540           2.390e+01     
  20.000          90.000            7.834e+00           7.800e+00             256.125          -1.331e+01             302.080           2.401e+01     
  21.000          90.000            7.732e+00           7.698e+00             256.071          -1.333e+01             300.692           2.413e+01     
  22.000          90.000            7.625e+00           7.590e+00             256.024          -1.335e+01             299.376           2.424e+01     
  23.000          90.000            7.511e+00           7.475e+00             255.984          -1.338e+01             298.127           2.436e+01     
  24.000          90.000            7.391e+00           7.354e+00             255.949          -1.341e+01             296.945           2.447e+01     
  25.000          90.000            7.264e+00           7.227e+00             255.920          -1.345e+01             295.827           2.458e+01     
  26.000          90.000            7.132e+00           7.094e+00             255.897          -1.350e+01             294.771           2.468e+01     
  27.000          90.000            6.993e+00           6.954e+00             255.878          -1.355e+01             293.774           2.479e+01     
  28.000          90.000            6.848e+00           6.809e+00             255.865          -1.362e+01             292.833           2.490e+01     
  29.000          90.000            6.697e+00           6.657e+00             255.855          -1.369e+01             291.947           2.500e+01     
  30.000          90.000            6.540e+00           6.499e+00             255.850          -1.378e+01             291.114           2.510e+01     
  31.000          90.000            6.377e+00           6.336e+00             255.849          -1.387e+01             290.330           2.520e+01     
  32.000          90.000            6.208e+00           6.166e+00             255.851          -1.397e+01             289.594           2.530e+01     
  33.000          90.000            6.034e+00           5.991e+00             255.856          -1.408e+01             288.905           2.540e+01     
  34.000          90.000            5.853e+00           5.810e+00             255.863          -1.420e+01             288.259           2.549e+01     
  35.000          90.000            5.668e+00           5.624e+00             255.873          -1.433e+01             287.656           2.559e+01     
  36.000          90.000            5.476e+00           5.432e+00             255.885          -1.447e+01             287.094           2.568e+01     
  37.000          90.000            5.279e+00           5.234e+00             255.898          -1.463e+01             286.572           2.577e+01     
  38.000          90.000            5.077e+00           5.032e+00             255.912          -1.479e+01             286.088           2.586e+01     
  39.000          90.000            4.869e+00           4.823e+00             255.927          -1.496e+01             285.642           2.595e+01     
  40.000          90.000            4.656e+00           4.610e+00             255.942          -1.514e+01             285.232           2.603e+01     
  41.000          90.000            4.437e+00           4.391e+00             255.957          -1.534e+01             284.858           2.612e+01     
  42.000          90.000            4.214e+00           4.168e+00             255.971          -1.554e+01             284.519           2.620e+01     
  43.000          90.000            3.986e+00           3.939e+00             255.984          -1.576e+01             284.216           2.627e+01     
  44.000          90.000            3.752e+00           3.706e+00             255.995          -1.598e+01             283.946           2.634e+01     
  45.000          90.000            3.514e+00           3.468e+00             256.005          -1.622e+01             283.713           2.641e+01     
  46.000          90.000            3.271e+00           3.225e+00             256.011          -1.647e+01             283.515           2.648e+01     
  47.000          90.000            3.024e+00           2.977e+00             256.015          -1.673e+01             283.352           2.654e+01     
  48.000          90.000            2.772e+00           2.726e+00             256.015          -1.700e+01             283.227           2.659e+01     
  49.000          90.000            2.515e+00           2.469e+00             256.010          -1.728e+01             283.139           2.664e+01     
  50.000          90.000            2.254e+00           2.209e+00             256.001          -1.757e+01             283.090           2.668e+01     
  51.000          90.000            1.989e+00           1.944e+00             255.987          -1.787e+01             283.082           2.672e+01     
  52.000          90.000            1.720e+00           1.675e+00             255.966          -1.818e+01             283.115           2.674e+01     
  53.000          90.000            1.447e+00           1.403e+00             255.939          -1.851e+01             283.194           2.676e+01     
  54.000          90.000            1.170e+00           1.126e+00             255.904          -1.884e+01             283.320           2.677e+01     
  55.000          90.000            8.888e-01           8.459e-01             255.862          -1.919e+01             283.496           2.677e+01     
  56.000          90.000            6.041e-01           5.620e-01             255.810          -1.954e+01             283.726           2.676e+01     
  57.000          90.000            3.160e-01           2.745e-01             255.749          -1.991e+01             284.013           2.674e+01     
  58.000          90.000            2.432e-02          -1.630e-02             255.678          -2.029e+01             284.362           2.671e+01     
  59.000          90.000           -2.707e-01          -3.104e-01             255.596          -2.067e+01             284.777           2.666e+01     
  60.000          90.000           -5.689e-01          -6.078e-01             255.501          -2.107e+01             285.264           2.660e+01     
  61.000          90.000           -8.703e-01          -9.082e-01             255.394          -2.148e+01             285.829           2.653e+01     
  62.000          90.000           -1.175e+00          -1.212e+00             255.273          -2.189e+01             286.479           2.645e+01     
  63.000          90.000           -1.482e+00          -1.518e+00             255.137          -2.231e+01             287.219           2.634e+01     
  64.000          90.000           -1.792e+00          -1.827e+00             254.985          -2.275e+01             288.058           2.623e+01     
  65.000          90.000           -2.105e+00          -2.139e+00             254.816          -2.318e+01             289.003           2.610e+01     
  66.000          90.000           -2.420e+00          -2.453e+00             254.629          -2.363e+01             290.064           2.595e+01     
  67.000          90.000           -2.738e+00          -2.770e+00             254.423          -2.407e+01             291.247           2.579e+01     
  68.000          90.000           -3.058e+00          -3.089e+00             254.196          -2.452e+01             292.562           2.561e+01     
  69.000          90.000           -3.380e+00          -3.410e+00             253.947          -2.497e+01             294.016           2.542e+01     
  70.000          90.000           -3.705e+00          -3.734e+00             253.676          -2.542e+01             295.617           2.522e+01     
  71.000          90.000           -4.031e+00          -4.060e+00             253.379          -2.586e+01             297.370           2.500e+01     
  72.000          90.000           -4.359e+00          -4.387e+00             253.056          -2.630e+01             299.278           2.476e+01     
  73.000          90.000           -4.690e+00          -4.717e+00             252.706          -2.672e+01             301.342           2.452e+01     
  74.000          90.000           -5.022e+00          -5.048e+00             252.326          -2.713e+01             303.559           2.426e+01     
  75.000          90.000           -5.355e+00          -5.382e+00             251.916          -2.752e+01             305.921           2.399e+01     
  76.000          90.000           -5.690e+00          -5.717e+00             251.473          -2.788e+01             308.415           2.371e+01     
  77.000          90.000           -6.027e+00          -6.053e+00             250.995          -2.822e+01             311.023           2.343e+01     
  78.000          90.000           -6.365e+00          -6.391e+00             250.480          -2.853e+01             313.721           2.313e+01     
  79.000          90.000           -6.704e+00          -6.730e+00             249.928          -2.880e+01             316.478           2.283e+01     
  80.000          90.000           -7.044e+00          -7.071e+00             249.335          -2.904e+01             319.263           2.252e+01     
  81.000          90.000           -7.385e+00          -7.413e+00             248.699          -2.924e+01             322.038           2.220e+01     
  82.000          90.000           -7.727e+00          -7.756e+00             248.019          -2.941e+01             324.767           2.189e+01     
  83.000          90.000           -8.069e+00          -8.100e+00             247.292          -2.954e+01             327.416           2.157e+01     
  84.000          90.000           -8.413e+00          -8.446e+00             246.516          -2.964e+01             329.952           2.125e+01     
  85.000          90.000           -8.757e+00          -8.792e+00             245.689          -2.971e+01             332.347           2.093e+01     
  86.000          90.000           -9.101e+00          -9.138e+00             244.808          -2.976e+01             334.580           2.062e+01     
  87.000          90.000           -9.445e+00          -9.486e+00             243.871          -2.978e+01             336.633           2.030e+01     
  88.000          90.000           -9.790e+00          -9.833e+00             242.876          -2.979e+01             338.495           2.000e+01     
  89.000          90.000           -1.013e+01          -1.018e+01             241.820          -2.978e+01             340.160           1.969e+01     
  90.000          90.000           -1.048e+01          -1.053e+01             240.700          -2.976e+01             341.628           1.940e+01     
  91.000          90.000           -1.082e+01          -1.088e+01             239.516          -2.974e+01             342.896           1.911e+01     
  92.000          90.000           -1.116e+01          -1.122e+01             238.263          -2.971e+01             343.970           1.883e+01     
  93.000          90.000           -1.151e+01          -1.157e+01             236.941          -2.969e+01             344.855           1.856e+01     
  94.000          90.000           -1.185e+01          -1.192e+01             235.546          -2.967e+01             345.558           1.831e+01     
  95.000          90.000           -1.218e+01          -1.226e+01             234.079          -2.965e+01             346.086           1.806e+01     
  96.000          90.000           -1.252e+01          -1.261e+01             232.535          -2.963e+01             346.445           1.784e+01     
  97.000          90.000           -1.285e+01          -1.295e+01             230.915          -2.963e+01             346.643           1.762e+01     
  98.000          90.000           -1.319e+01          -1.329e+01             229.217          -2.963e+01             346.685           1.743e+01     
  99.000          90.000           -1.352e+01          -1.362e+01             227.441          -2.965e+01             346.579           1.725e+01     
 100.000          90.000           -1.384e+01          -1.396e+01             225.586          -2.967e+01             346.327           1.709e+01     
 101.000          90.000           -1.416e+01          -1.429e+01             223.652          -2.971e+01             345.934           1.695e+01     
 102.000          90.000           -1.448e+01          -1.461e+01             221.640          -2.976e+01             345.404           1.683e+01     
 103.000          90.000           -1.479e+01          -1.493e+01             219.551          -2.982e+01             344.736           1.673e+01     
 104.000          90.000           -1.510e+01          -1.525e+01             217.387          -2.989e+01             343.933           1.665e+01     
 105.000          90.000           -1.541e+01          -1.556e+01             215.149          -2.998e+01             342.994           1.659e+01     
 106.000          90.000           -1.571e+01          -1.587e+01             212.841          -3.009e+01             341.915           1.655e+01     
 107.000          90.000           -1.600e+01          -1.617e+01             210.465          -3.021e+01             340.695           1.653e+01     
 108.000          90.000           -1.629e+01          -1.646e+01             208.026          -3.034e+01             339.327           1.652e+01     
 109.000          90.000           -1.657e+01          -1.675e+01             205.526          -3.049e+01             337.806           1.652e+01     
 110.000          90.000           -1.686e+01          -1.704e+01             202.970          -3.065e+01             336.122           1.653e+01     
 111.000          90.000           -1.713e+01          -1.732e+01             200.362          -3.083e+01             334.266           1.654e+01     
 112.000          90.000           -1.740e+01          -1.760e+01             197.705          -3.102e+01             332.226           1.656e+01     
 113.000          90.000           -1.767e+01          -1.787e+01             195.003          -3.122e+01             329.988           1.656e+01     
 114.000          90.000           -1.794e+01          -1.814e+01             192.259          -3.144e+01             327.535           1.656e+01     
 115.000          90.000           -1.821e+01          -1.841e+01             189.474          -3.167e+01             324.852           1.654e+01     
 116.000          90.000           -1.847e+01          -1.868e+01             186.650          -3.190e+01             321.917           1.649e+01     
 117.000          90.000           -1.874e+01          -1.895e+01             183.786          -3.214e+01             318.714           1.640e+01     
 118.000          90.000           -1.901e+01          -1.922e+01             180.880          -3.238e+01             315.222           1.628e+01     
 119.000          90.000           -1.928e+01          -1.949e+01             177.928          -3.261e+01             311.425           1.611e+01     
 120.000          90.000           -1.956e+01          -1.977e+01             174.924          -3.283e+01             307.312           1.589e+01     
 121.000          90.000           -1.985e+01          -2.006e+01             171.858          -3.303e+01             302.878           1.561e+01     
 122.000          90.000           -2.014e+01          -2.036e+01             168.718          -3.321e+01             298.132           1.527e+01     
 123.000          90.000           -2.044e+01          -2.067e+01             165.490          -3.334e+01             293.096           1.488e+01     
 124.000          90.000           -2.075e+01          -2.099e+01             162.154          -3.343e+01             287.807           1.442e+01     
 125.000          90.000           -2.106e+01          -2.132e+01             158.685          -3.346e+01             282.324           1.390e+01     
 126.000          90.000           -2.139e+01          -2.167e+01             155.054          -3.343e+01             276.719           1.333e+01     
 127.000          90.000           -2.173e+01          -2.204e+01             151.225          -3.334e+01             271.075           1.270e+01     
 128.000          90.000           -2.207e+01          -2.242e+01             147.156          -3.318e+01             265.480           1.205e+01     
 129.000          90.000           -2.241e+01          -2.281e+01             142.796          -3.297e+01             260.013           1.136e+01     
 130.000          90.000           -2.275e+01          -2.321e+01             138.090          -3.270e+01             254.746           1.067e+01     
 131.000          90.000           -2.308e+01          -2.362e+01             132.975          -3.238e+01             249.729           1.000e+01     
 132.000          90.000           -2.339e+01          -2.402e+01             127.388          -3.204e+01             244.998           9.394e+00     
 133.000          90.000           -2.365e+01          -2.440e+01             121.271          -3.167e+01             240.570           8.893e+00     
 134.000          90.000           -2.387e+01          -2.474e+01             114.586          -3.128e+01             236.448           8.564e+00     
 135.000          90.000           -2.402e+01          -2.502e+01             107.332          -3.088e+01             232.626           8.476e+00     
 136.000          90.000           -2.408e+01          -2.521e+01              99.563          -3.049e+01             229.088           8.689e+00     
 137.000          90.000           -2.404e+01          -2.527e+01              91.409          -3.009e+01             225.815           9.237e+00     
 138.000          90.000           -2.389e+01          -2.521e+01              83.067          -2.971e+01             222.788           1.012e+01     
 139.000          90.000           -2.364e+01          -2.501e+01              74.777          -2.934e+01             219.984           1.131e+01     
 140.000          90.000           -2.330e+01          -2.467e+01              66.779          -2.898e+01             217.381           1.279e+01     
 141.000          90.000           -2.288e+01          -2.422e+01              59.269          -2.864e+01             214.961           1.451e+01     
 142.000          90.000           -2.240e+01          -2.368e+01              52.371          -2.832e+01             212.703           1.647e+01     
 143.000          90.000           -2.187e+01          -2.308e+01              46.141          -2.802e+01             210.592           1.867e+01     
 144.000          90.000           -2.132e+01          -2.245e+01              40.573          -2.774e+01             208.611           2.114e+01     
 145.000          90.000           -2.076e+01          -2.180e+01              35.631          -2.748e+01             206.746           2.395e+01     
 146.000          90.000           -2.020e+01          -2.116e+01              31.255          -2.724e+01             204.984           2.721e+01     
 147.000          90.000           -1.964e+01          -2.052e+01              27.382          -2.702e+01             203.315           3.123e+01     
 148.000          90.000           -1.910e+01          -1.990e+01              23.950          -2.683e+01             201.728           3.676e+01     
 149.000          90.000           -1.858e+01          -1.931e+01              20.902          -2.666e+01             200.213           4.000e+01     
 150.000          90.000           -1.807e+01          -1.874e+01              18.187          -2.651e+01             198.762           4.000e+01     
 151.000          90.000           -1.759e+01          -1.820e+01              15.762          -2.639e+01             197.366           4.000e+01     
 152.000          90.000           -1.713e+01          -1.769e+01              13.590          -2.629e+01             196.019           3.718e+01     
 153.000          90.000           -1.669e+01          -1.721e+01              11.640          -2.621e+01             194.714           3.544e+01     
 154.000          90.000           -1.628e+01          -1.675e+01               9.885          -2.616e+01             193.444           3.449e+01     
 155.000          90.000           -1.589e+01          -1.632e+01               8.302          -2.614e+01             192.203           3.402e+01     
 156.000          90.000           -1.553e+01          -1.592e+01               6.874          -2.614e+01             190.984           3.390e+01     
 157.000          90.000           -1.519e+01          -1.555e+01               5.584          -2.617e+01             189.782           3.405e+01     
 158.000          90.000           -1.487e+01          -1.520e+01               4.419          -2.622e+01             188.590           3.444e+01     
 159.000          90.000           -1.457e+01          -1.487e+01               3.366          -2.630e+01             187.402           3.508e+01     
 160.000          90.000           -1.430e+01          -1.457e+01               2.420          -2.641e+01             186.212           3.598e+01     
 161.000          90.000           -1.405e+01          -1.430e+01               1.565          -2.655e+01             185.011           3.717e+01     
 162.000          90.000           -1.382e+01          -1.405e+01               0.798          -2.672e+01             183.792           3.877e+01     
 163.000          90.000           -1.361e+01          -1.382e+01               0.113          -2.693e+01             182.546           4.000e+01     
 164.000          90.000           -1.343e+01          -1.361e+01             359.505          -2.717e+01             181.263           4.000e+01     
 165.000          90.000           -1.326e+01          -1.343e+01             358.969          -2.744e+01             179.931           4.000e+01     
 166.000          90.000           -1.312e+01          -1.327e+01             358.501          -2.776e+01             178.535           4.000e+01     
 167.000          90.000           -1.300e+01          -1.313e+01             358.099          -2.811e+01             177.059           4.000e+01     
 168.000          90.000           -1.289e+01          -1.301e+01             357.760          -2.851e+01             175.483           4.000e+01     
 169.000          90.000           -1.281e+01          -1.292e+01             357.483          -2.896e+01             173.779           4.000e+01     
 170.000          90.000           -1.275e+01          -1.285e+01             357.264          -2.946e+01             171.916           3.741e+01     
 171.000          90.000           -1.271e+01          -1.279e+01             357.104          -3.001e+01             169.852           3.536e+01     
 172.000          90.000           -1.269e+01          -1.276e+01             357.001          -3.063e+01             167.531           3.368e+01     
 173.000          90.000           -1.269e+01          -1.275e+01             356.955          -3.131e+01             164.881           3.226e+01     
 174.000          90.000           -1.271e+01          -1.276e+01             356.966          -3.206e+01             161.803           3.104e+01     
 175.000          90.000           -1.275e+01          -1.279e+01             357.035          -3.289e+01             158.162           2.998e+01     
 176.000          90.000           -1.281e+01          -1.285e+01             357.162          -3.380e+01             153.774           2.904e+01     
 177.000          90.000           -1.290e+01          -1.293e+01             357.349          -3.479e+01             148.384           2.820e+01     
 178.000          90.000           -1.300e+01          -1.302e+01             357.597          -3.582e+01             141.655           2.746e+01     
 179.000          90.000           -1.312e+01          -1.314e+01             357.908          -3.687e+01             133.182           2.680e+01     
 180.000          90.000           -1.327e+01          -1.329e+01             358.284          -3.783e+01             122.616           2.622e+01     
 179.000         270.000           -1.344e+01          -1.345e+01             358.730          -3.855e+01             109.861           2.571e+01     
 178.000         270.000           -1.363e+01          -1.364e+01             359.249          -3.885e+01              95.605           2.527e+01     
 177.000         270.000           -1.384e+01          -1.385e+01             359.845          -3.866e+01              81.284           2.490e+01     
 176.000         270.000           -1.407e+01          -1.409e+01               0.525          -3.803e+01              68.371           2.462e+01     
 175.000         270.000           -1.432e+01          -1.435e+01               1.293          -3.716e+01              57.610           2.442e+01     
 174.000         270.000           -1.460e+01          -1.463e+01               2.158          -3.618e+01              48.989           2.432e+01     
 173.000         270.000           -1.490e+01          -1.494e+01               3.127          -3.521e+01              42.149           2.434e+01     
 172.000         270.000           -1.522e+01          -1.528e+01               4.212          -3.429e+01              36.681           2.450e+01     
 171.000         270.000           -1.557e+01          -1.564e+01               5.424          -3.345e+01              32.241           2.484e+01     
 170.000         270.000           -1.594e+01          -1.603e+01               6.776          -3.268e+01              28.568           2.542e+01     
 169.000         270.000           -1.633e+01          -1.644e+01               8.285          -3.199e+01              25.472           2.635e+01     
 168.000         270.000           -1.674e+01          -1.689e+01               9.969          -3.138e+01              22.814           2.784e+01     
 167.000         270.000           -1.717e+01          -1.736e+01              11.851          -3.083e+01              20.492           3.030e+01     
 166.000         270.000           -1.762e+01          -1.786e+01              13.956          -3.034e+01              18.431           3.511e+01     
 165.000         270.000           -1.809e+01          -1.839e+01              16.315          -2.991e+01              16.573           4.000e+01     
 164.000         270.000           -1.858e+01          -1.894e+01              18.962          -2.954e+01              14.875           3.426e+01     
 163.000         270.000           -1.907e+01          -1.952e+01              21.936          -2.921e+01              13.301           2.703e+01     
 162.000         270.000           -1.958e+01          -2.011e+01              25.281          -2.893e+01              11.825           2.250e+01     
 161.000         270.000           -2.008e+01          -2.072e+01              29.046          -2.869e+01              10.423           1.906e+01     
 160.000         270.000           -2.057e+01          -2.134e+01              33.278          -2.849e+01               9.076           1.622e+01     
 159.000         270.000           -2.105e+01          -2.195e+01              38.015          -2.833e+01               7.768           1.378e+01     
 158.000         270.000           -2.150e+01          -2.255e+01              43.306          -2.820e+01               6.485           1.161e+01     
 157.000         270.000           -2.192e+01          -2.311e+01              49.158          -2.811e+01               5.213           9.673e+00     
 156.000         270.000           -2.228e+01          -2.361e+01              55.546          -2.805e+01               3.941           7.929e+00     
 155.000         270.000           -2.258e+01          -2.404e+01              62.404          -2.802e+01               2.657           6.375e+00     
 154.000         270.000           -2.281e+01          -2.437e+01              69.612          -2.802e+01               1.351           5.042e+00     
 153.000         270.000           -2.298e+01          -2.459e+01              77.008          -2.805e+01               0.011           4.014e+00     
 152.000         270.000           -2.307e+01          -2.471e+01              84.407          -2.811e+01             358.627           3.460e+00     
 151.000         270.000           -2.311e+01          -2.472e+01              91.631          -2.819e+01             357.187           3.534e+00     
 150.000         270.000           -2.309e+01          -2.465e+01              98.537          -2.829e+01             355.680           4.167e+00     
 149.000         270.000           -2.303e+01          -2.451e+01             105.031          -2.842e+01             354.094           5.153e+00     
 148.000         270.000           -2.293e+01          -2.432e+01             111.069          -2.857e+01             352.418           6.343e+00     
 147.000         270.000           -2.282e+01          -2.410e+01             116.651          -2.873e+01             350.638           7.674e+00     
 146.000         270.000           -2.269e+01          -2.387e+01             121.803          -2.892e+01             348.743           9.137e+00     
 145.000         270.000           -2.256e+01          -2.365e+01             126.570          -2.912e+01             346.719           1.075e+01     
 144.000         270.000           -2.244e+01          -2.343e+01             131.003          -2.933e+01             344.554           1.257e+01     
 143.000         270.000           -2.232e+01          -2.323e+01             135.156          -2.955e+01             342.238           1.469e+01     
 142.000         270.000           -2.221e+01          -2.305e+01             139.082          -2.978e+01             339.760           1.728e+01     
 141.000         270.000           -2.212e+01          -2.289e+01             142.827          -3.000e+01             337.114           2.074e+01     
 140.000         270.000           -2.204e+01          -2.276e+01             146.438          -3.023e+01             334.297           2.616e+01     
 139.000         270.000           -2.198e+01          -2.265e+01             149.953          -3.044e+01             331.312           4.000e+01     
 138.000         270.000           -2.193e+01          -2.256e+01             153.410          -3.064e+01             328.166           3.011e+01     
 137.000         270.000           -2.190e+01          -2.250e+01             156.841          -3.081e+01             324.877           2.314e+01     
 136.000         270.000           -2.188e+01          -2.245e+01             160.288          -3.096e+01             321.467           1.938e+01     
 135.000         270.000           -2.187e+01          -2.243e+01             163.757          -3.109e+01             317.974           1.682e+01     
 134.000         270.000           -2.187e+01          -2.242e+01             167.284          -3.117e+01             314.434           1.488e+01     
 133.000         270.000           -2.188e+01          -2.242e+01             170.891          -3.122e+01             310.895           1.332e+01     
 132.000         270.000           -2.190e+01          -2.243e+01             174.597          -3.123e+01             307.406           1.204e+01     
 131.000         270.000           -2.191e+01          -2.245e+01             178.419          -3.121e+01             304.014           1.097e+01     
 130.000         270.000           -2.192e+01          -2.247e+01             182.368          -3.114e+01             300.767           1.008e+01     
 129.000         270.000           -2.192e+01          -2.249e+01             186.454          -3.105e+01             297.702           9.350e+00     
 128.000         270.000           -2.192e+01          -2.250e+01             190.676          -3.093e+01             294.852           8.786e+00     
 127.000         270.000           -2.189e+01          -2.249e+01             195.032          -3.079e+01             292.242           8.387e+00     
 126.000         270.000           -2.185e+01          -2.247e+01             199.510          -3.063e+01             289.887           8.159e+00     
 125.000         270.000           -2.178e+01          -2.242e+01             204.090          -3.045e+01             287.797           8.106e+00     
 124.000         270.000           -2.169e+01          -2.234e+01             208.746          -3.027e+01             285.975           8.228e+00     
 123.000         270.000           -2.157e+01          -2.223e+01             213.446          -3.008e+01             284.419           8.517e+00     
 122.000         270.000           -2.142e+01          -2.208e+01             218.153          -2.989e+01             283.124           8.958e+00     
 121.000         270.000           -2.124e+01          -2.190e+01             222.826          -2.971e+01             282.084           9.535e+00     
 120.000         270.000           -2.103e+01          -2.169e+01             227.427          -2.952e+01             281.290           1.023e+01     
 119.000         270.000           -2.079e+01          -2.144e+01             231.918          -2.934e+01             280.733           1.102e+01     
 118.000         270.000           -2.052e+01          -2.116e+01             236.269          -2.917e+01             280.405           1.189e+01     
 117.000         270.000           -2.023e+01          -2.085e+01             240.451          -2.901e+01             280.297           1.281e+01     
 116.000         270.000           -1.993e+01          -2.052e+01             244.447          -2.885e+01             280.401           1.379e+01     
 115.000         270.000           -1.960e+01          -2.017e+01             248.243          -2.870e+01             280.709           1.479e+01     
 114.000         270.000           -1.927e+01          -1.981e+01             251.833          -2.855e+01             281.214           1.579e+01     
 113.000         270.000           -1.892e+01          -1.943e+01             255.215          -2.841e+01             281.911           1.678e+01     
 112.000         270.000           -1.856e+01          -1.905e+01             258.391          -2.828e+01             282.793           1.774e+01     
 111.000         270.000           -1.820e+01          -1.867e+01             261.368          -2.815e+01             283.854           1.864e+01     
 110.000         270.000           -1.784e+01          -1.828e+01             264.153          -2.803e+01             285.090           1.947e+01     
 109.000         270.000           -1.748e+01          -1.789e+01             266.756          -2.790e+01             286.494           2.019e+01     
 108.000         270.000           -1.711e+01          -1.750e+01             269.185          -2.778e+01             288.061           2.079e+01     
 107.000         270.000           -1.675e+01          -1.712e+01             271.452          -2.766e+01             289.783           2.126e+01     
 106.000         270.000           -1.639e+01          -1.674e+01             273.567          -2.753e+01             291.655           2.159e+01     
 105.000         270.000           -1.603e+01          -1.636e+01             275.539          -2.740e+01             293.668           2.178e+01     
 104.000         270.000           -1.568e+01          -1.599e+01             277.377          -2.726e+01             295.812           2.183e+01     
 103.000         270.000           -1.533e+01          -1.563e+01             279.090          -2.711e+01             298.078           2.177e+01     
 102.000         270.000           -1.499e+01          -1.528e+01             280.686          -2.695e+01             300.454           2.161e+01     
 101.000         270.000           -1.465e+01          -1.493e+01             282.172          -2.679e+01             302.926           2.136e+01     
 100.000         270.000           -1.432e+01          -1.458e+01             283.554          -2.660e+01             305.481           2.104e+01     
  99.000         270.000           -1.399e+01          -1.424e+01             284.840          -2.641e+01             308.103           2.067e+01     
  98.000         270.000           -1.366e+01          -1.391e+01             286.033          -2.620e+01             310.777           2.027e+01     
  97.000         270.000           -1.334e+01          -1.359e+01             287.140          -2.597e+01             313.487           1.984e+01     
  96.000         270.000           -1.303e+01          -1.326e+01             288.164          -2.573e+01             316.216           1.940e+01     
  95.000         270.000           -1.271e+01          -1.295e+01             289.109          -2.547e+01             318.949           1.895e+01     
  94.000         270.000           -1.240e+01          -1.264e+01             289.979          -2.520e+01             321.671           1.850e+01     
  93.000         270.000           -1.210e+01          -1.233e+01             290.777          -2.491e+01             324.368           1.806e+01     
  92.000         270.000           -1.180e+01          -1.203e+01             291.506          -2.461e+01             327.026           1.762e+01     
  91.000         270.000           -1.150e+01          -1.173e+01             292.169          -2.430e+01             329.636           1.719e+01     
  90.000         270.000           -1.120e+01          -1.144e+01             292.768          -2.398e+01             332.187           1.678e+01     
  89.000         270.000           -1.091e+01          -1.115e+01             293.305          -2.365e+01             334.672           1.637e+01     
  88.000         270.000           -1.062e+01          -1.086e+01             293.782          -2.331e+01             337.085           1.599e+01     
  87.000         270.000           -1.033e+01          -1.058e+01             294.202          -2.296e+01             339.421           1.561e+01     
  86.000         270.000           -1.005e+01          -1.029e+01             294.565          -2.260e+01             341.677           1.525e+01     
  85.000         270.000           -9.761e+00          -1.001e+01             294.874          -2.225e+01             343.850           1.491e+01     
  84.000         270.000           -9.477e+00          -9.734e+00             295.131          -2.189e+01             345.941           1.458e+01     
  83.000         270.000           -9.196e+00          -9.457e+00             295.336          -2.152e+01             347.949           1.427e+01     
  82.000         270.000           -8.915e+00          -9.182e+00             295.491          -2.116e+01             349.874           1.397e+01     
  81.000         270.000           -8.635e+00          -8.907e+00             295.599          -2.080e+01             351.719           1.369e+01     
  80.000         270.000           -8.356e+00          -8.634e+00             295.659          -2.043e+01             353.485           1.342e+01     
  79.000         270.000           -8.078e+00          -8.361e+00             295.674          -2.007e+01             355.174           1.316e+01     
  78.000         270.000           -7.800e+00          -8.089e+00             295.645          -1.971e+01             356.788           1.292e+01     
  77.000         270.000           -7.522e+00          -7.816e+00             295.574          -1.936e+01             358.330           1.270e+01     
  76.000         270.000           -7.245e+00          -7.544e+00             295.461          -1.901e+01             359.803           1.249e+01     
  75.000         270.000           -6.968e+00          -7.272e+00             295.309          -1.866e+01               1.209           1.229e+01     
  74.000         270.000           -6.691e+00          -7.000e+00             295.120          -1.832e+01               2.550           1.211e+01     
  73.000         270.000           -6.414e+00          -6.728e+00             294.893          -1.798e+01               3.830           1.194e+01     
  72.000         270.000           -6.137e+00          -6.455e+00             294.632          -1.765e+01               5.050           1.179e+01     
  71.000         270.000           -5.860e+00          -6.182e+00             294.338          -1.732e+01               6.213           1.165e+01     
  70.000         270.000           -5.582e+00          -5.908e+00             294.011          -1.700e+01               7.321           1.152e+01     
  69.000         270.000           -5.305e+00          -5.633e+00             293.655          -1.668e+01               8.377           1.141e+01     
  68.000         270.000           -5.027e+00          -5.358e+00             293.270          -1.637e+01               9.382           1.131e+01     
  67.000         270.000           -4.750e+00          -5.083e+00             292.858          -1.607e+01              10.338           1.123e+01     
  66.000         270.000           -4.472e+00          -4.807e+00             292.421          -1.577e+01              11.246           1.116e+01     
  65.000         270.000           -4.194e+00          -4.530e+00             291.961          -1.548e+01              12.109           1.110e+01     
  64.000         270.000           -3.916e+00          -4.252e+00             291.478          -1.519e+01              12.929           1.105e+01     
  63.000         270.000           -3.638e+00          -3.974e+00             290.975          -1.491e+01              13.705           1.102e+01     
  62.000         270.000           -3.360e+00          -3.696e+00             290.453          -1.464e+01              14.441           1.100e+01     
  61.000         270.000           -3.082e+00          -3.417e+00             289.914          -1.438e+01              15.136           1.100e+01     
  60.000         270.000           -2.805e+00          -3.138e+00             289.359          -1.412e+01              15.792           1.100e+01     
  59.000         270.000           -2.528e+00          -2.859e+00             288.790          -1.387e+01              16.411           1.102e+01     
  58.000         270.000           -2.251e+00          -2.580e+00             288.208          -1.363e+01              16.992           1.105e+01     
  57.000         270.000           -1.975e+00          -2.300e+00             287.615          -1.339e+01              17.538           1.109e+01     
  56.000         270.000           -1.700e+00          -2.021e+00             287.012          -1.316e+01              18.048           1.114e+01     
  55.000         270.000           -1.425e+00          -1.743e+00             286.399          -1.294e+01              18.523           1.120e+01     
  54.000         270.000           -1.151e+00          -1.465e+00             285.780          -1.273e+01              18.964           1.128e+01     
  53.000         270.000           -8.788e-01          -1.187e+00             285.154          -1.252e+01              19.372           1.136e+01     
  52.000         270.000           -6.075e-01          -9.107e-01             284.523          -1.232e+01              19.747           1.145e+01     
  51.000         270.000           -3.376e-01          -6.352e-01             283.888          -1.213e+01              20.089           1.155e+01     
  50.000         270.000           -6.911e-02          -3.608e-01             283.249          -1.194e+01              20.400           1.166e+01     
  49.000         270.000            1.977e-01          -8.785e-02             282.609          -1.177e+01              20.678           1.178e+01     
  48.000         270.000            4.626e-01           1.836e-01             281.968          -1.160e+01              20.924           1.190e+01     
  47.000         270.000            7.256e-01           4.533e-01             281.326          -1.144e+01              21.139           1.204e+01     
  46.000         270.000            9.865e-01           7.210e-01             280.685          -1.128e+01              21.323           1.218e+01     
  45.000         270.000            1.245e+00           9.867e-01             280.045          -1.114e+01              21.475           1.232e+01     
  44.000         270.000            1.501e+00           1.250e+00             279.407          -1.100e+01              21.595           1.247e+01     
  43.000         270.000            1.755e+00           1.511e+00             278.772          -1.087e+01              21.685           1.263e+01     
  42.000         270.000            2.006e+00           1.769e+00             278.140          -1.075e+01              21.743           1.280e+01     
  41.000         270.000            2.254e+00           2.025e+00             277.512          -1.064e+01              21.768           1.297e+01     
  40.000         270.000            2.499e+00           2.277e+00             276.888          -1.054e+01              21.762           1.314e+01     
  39.000         270.000            2.741e+00           2.527e+00             276.270          -1.044e+01              21.723           1.332e+01     
  38.000         270.000            2.979e+00           2.773e+00             275.657          -1.036e+01              21.651           1.351e+01     
  37.000         270.000            3.214e+00           3.015e+00             275.049          -1.028e+01              21.546           1.370e+01     
  36.000         270.000            3.446e+00           3.254e+00             274.448          -1.021e+01              21.407           1.389e+01     
  35.000         270.000            3.673e+00           3.490e+00             273.854          -1.015e+01              21.233           1.408e+01     
  34.000         270.000            3.897e+00           3.721e+00             273.267          -1.010e+01              21.024           1.428e+01     
  33.000         270.000            4.117e+00           3.948e+00             272.687          -1.006e+01              20.778           1.448e+01     
  32.000         270.000            4.333e+00           4.171e+00             272.114          -1.003e+01              20.495           1.468e+01     
  31.000         270.000            4.545e+00           4.389e+00             271.550          -1.000e+01              20.174           1.489e+01     
  30.000         270.000            4.752e+00           4.604e+00             270.994          -9.985e+00              19.814           1.510e+01     
  29.000         270.000            4.955e+00           4.813e+00             270.447          -9.979e+00              19.413           1.531e+01     
  28.000         270.000            5.153e+00           5.018e+00             269.908          -9.982e+00              18.970           1.552e+01     
  27.000         270.000            5.347e+00           5.218e+00             269.378          -9.993e+00              18.484           1.573e+01     
  26.000         270.000            5.535e+00           5.413e+00             268.857          -1.001e+01              17.953           1.595e+01     
  25.000         270.000            5.719e+00           5.602e+00             268.346          -1.004e+01              17.375           1.616e+01     
  24.000         270.000            5.898e+00           5.787e+00             267.844          -1.008e+01              16.749           1.637e+01     
  23.000         270.000            6.072e+00           5.966e+00             267.352          -1.013e+01              16.073           1.659e+01     
  22.000         270.000            6.241e+00           6.140e+00             266.870          -1.018e+01              15.344           1.681e+01     
  21.000         270.000            6.404e+00           6.309e+00             266.398          -1.025e+01              14.561           1.702e+01     
  20.000         270.000            6.562e+00           6.472e+00             265.937          -1.032e+01              13.723           1.724e+01     
  19.000         270.000            6.714e+00           6.629e+00             265.485          -1.040e+01              12.826           1.745e+01     
  18.000         270.000            6.861e+00           6.781e+00             265.044          -1.049e+01              11.867           1.766e+01     
  17.000         270.000            7.003e+00           6.926e+00             264.614          -1.058e+01              10.845           1.788e+01     
  16.000         270.000            7.138e+00           7.066e+00             264.194          -1.069e+01               9.758           1.809e+01     
  15.000         270.000            7.268e+00           7.200e+00             263.785          -1.079e+01               8.602           1.830e+01     
  14.000         270.000            7.392e+00           7.328e+00             263.387          -1.091e+01               7.377           1.851e+01     
  13.000         270.000            7.510e+00           7.449e+00             262.999          -1.103e+01               6.080           1.871e+01     
  12.000         270.000            7.623e+00           7.565e+00             262.623          -1.115e+01               4.710           1.892e+01     
  11.000         270.000            7.729e+00           7.674e+00             262.257          -1.128e+01               3.263           1.912e+01     
  10.000         270.000            7.829e+00           7.777e+00             261.903          -1.141e+01               1.741           1.932e+01     
   9.000         270.000            7.923e+00           7.873e+00             261.560          -1.154e+01               0.141           1.952e+01     
   8.000         270.000            8.011e+00           7.964e+00             261.227          -1.168e+01             358.464           1.971e+01     
   7.000         270.000            8.092e+00           8.047e+00             260.906          -1.181e+01             356.710           1.991e+01     
   6.000         270.000            8.167e+00           8.125e+00             260.595          -1.195e+01             354.881           2.010e+01     
   5.000         270.000            8.236e+00           8.196e+00             260.296          -1.208e+01             352.978           2.029e+01     
   4.000         270.000            8.299e+00           8.260e+00             260.008          -1.221e+01             351.005           2.047e+01     
   3.000         270.000            8.355e+00           8.318e+00             259.730          -1.233e+01             348.966           2.065e+01     
   2.000         270.000            8.404e+00           8.369e+00             259.464          -1.245e+01             346.866           2.083e+01     
   1.000         270.000            8.448e+00           8.413e+00             259.208          -1.257e+01             344.712           2.101e+01     
