Theta [deg.]  Phi   [deg.]  Abs(Grlz)[dBi   ]   Abs(Horiz)[dBi   ]  Phase(Horiz)[deg.]  Abs(Verti)[dBi   ]  Phase(Verti)[deg.]  Ax.Ratio[dB    ]    
------------------------------------------------------------------------------------------------------------------------------------------------------
   0.000          90.000            7.474e+00           7.467e+00              91.644          -2.051e+01             146.819           2.970e+01     
   1.000          90.000            7.486e+00           7.478e+00              91.756          -1.995e+01             147.963           2.904e+01     
   2.000          90.000            7.493e+00           7.484e+00              91.870          -1.943e+01             148.986           2.843e+01     
   3.000          90.000            7.495e+00           7.485e+00              91.986          -1.894e+01             149.911           2.787e+01     
   4.000          90.000            7.492e+00           7.481e+00              92.104          -1.848e+01             150.754           2.734e+01     
   5.000          90.000            7.485e+00           7.473e+00              92.225          -1.805e+01             151.530           2.684e+01     
   6.000          90.000            7.472e+00           7.459e+00              92.348          -1.765e+01             152.251           2.638e+01     
   7.000          90.000            7.455e+00           7.441e+00              92.472          -1.728e+01             152.924           2.593e+01     
   8.000          90.000            7.433e+00           7.417e+00              92.599          -1.693e+01             153.558           2.552e+01     
   9.000          90.000            7.407e+00           7.389e+00              92.727          -1.660e+01             154.160           2.512e+01     
  10.000          90.000            7.375e+00           7.356e+00              92.857          -1.629e+01             154.734           2.475e+01     
  11.000          90.000            7.338e+00           7.318e+00              92.989          -1.600e+01             155.286           2.439e+01     
  12.000          90.000            7.297e+00           7.276e+00              93.121          -1.574e+01             155.819           2.405e+01     
  13.000          90.000            7.251e+00           7.228e+00              93.255          -1.549e+01             156.337           2.372e+01     
  14.000          90.000            7.201e+00           7.176e+00              93.390          -1.525e+01             156.842           2.341e+01     
  15.000          90.000            7.145e+00           7.119e+00              93.525          -1.504e+01             157.336           2.311e+01     
  16.000          90.000            7.085e+00           7.057e+00              93.661          -1.484e+01             157.823           2.282e+01     
  17.000          90.000            7.020e+00           6.991e+00              93.798          -1.465e+01             158.303           2.254e+01     
  18.000          90.000            6.951e+00           6.920e+00              93.934          -1.448e+01             158.778           2.228e+01     
  19.000          90.000            6.877e+00           6.844e+00              94.070          -1.432e+01             159.251           2.202e+01     
  20.000          90.000            6.798e+00           6.763e+00              94.206          -1.418e+01             159.720           2.177e+01     
  21.000          90.000            6.715e+00           6.678e+00              94.341          -1.405e+01             160.189           2.154e+01     
  22.000          90.000            6.627e+00           6.589e+00              94.475          -1.393e+01             160.658           2.131e+01     
  23.000          90.000            6.535e+00           6.495e+00              94.608          -1.382e+01             161.126           2.108e+01     
  24.000          90.000            6.438e+00           6.396e+00              94.740          -1.373e+01             161.597           2.087e+01     
  25.000          90.000            6.337e+00           6.293e+00              94.870          -1.364e+01             162.069           2.066e+01     
  26.000          90.000            6.231e+00           6.185e+00              94.998          -1.357e+01             162.543           2.045e+01     
  27.000          90.000            6.121e+00           6.073e+00              95.123          -1.351e+01             163.020           2.026e+01     
  28.000          90.000            6.007e+00           5.957e+00              95.246          -1.345e+01             163.499           2.006e+01     
  29.000          90.000            5.888e+00           5.837e+00              95.366          -1.341e+01             163.982           1.988e+01     
  30.000          90.000            5.765e+00           5.712e+00              95.483          -1.337e+01             164.468           1.970e+01     
  31.000          90.000            5.638e+00           5.583e+00              95.596          -1.335e+01             164.958           1.952e+01     
  32.000          90.000            5.507e+00           5.450e+00              95.706          -1.333e+01             165.452           1.934e+01     
  33.000          90.000            5.371e+00           5.312e+00              95.811          -1.332e+01             165.949           1.918e+01     
  34.000          90.000            5.232e+00           5.171e+00              95.912          -1.332e+01             166.449           1.901e+01     
  35.000          90.000            5.088e+00           5.025e+00              96.007          -1.332e+01             166.954           1.885e+01     
  36.000          90.000            4.941e+00           4.876e+00              96.098          -1.333e+01             167.461           1.869e+01     
  37.000          90.000            4.790e+00           4.723e+00              96.183          -1.335e+01             167.972           1.854e+01     
  38.000          90.000            4.634e+00           4.565e+00              96.262          -1.338e+01             168.486           1.838e+01     
  39.000          90.000            4.475e+00           4.404e+00              96.334          -1.341e+01             169.003           1.824e+01     
  40.000          90.000            4.313e+00           4.239e+00              96.400          -1.345e+01             169.522           1.809e+01     
  41.000          90.000            4.146e+00           4.071e+00              96.459          -1.350e+01             170.043           1.794e+01     
  42.000          90.000            3.976e+00           3.899e+00              96.511          -1.355e+01             170.566           1.780e+01     
  43.000          90.000            3.802e+00           3.723e+00              96.555          -1.361e+01             171.090           1.766e+01     
  44.000          90.000            3.625e+00           3.543e+00              96.590          -1.367e+01             171.615           1.752e+01     
  45.000          90.000            3.444e+00           3.361e+00              96.618          -1.374e+01             172.140           1.739e+01     
  46.000          90.000            3.260e+00           3.174e+00              96.636          -1.381e+01             172.664           1.725e+01     
  47.000          90.000            3.073e+00           2.985e+00              96.645          -1.389e+01             173.188           1.712e+01     
  48.000          90.000            2.882e+00           2.792e+00              96.645          -1.397e+01             173.710           1.699e+01     
  49.000          90.000            2.688e+00           2.595e+00              96.635          -1.405e+01             174.230           1.686e+01     
  50.000          90.000            2.491e+00           2.396e+00              96.614          -1.414e+01             174.747           1.673e+01     
  51.000          90.000            2.291e+00           2.193e+00              96.583          -1.423e+01             175.260           1.661e+01     
  52.000          90.000            2.088e+00           1.988e+00              96.540          -1.433e+01             175.769           1.648e+01     
  53.000          90.000            1.882e+00           1.779e+00              96.487          -1.443e+01             176.272           1.635e+01     
  54.000          90.000            1.673e+00           1.567e+00              96.421          -1.453e+01             176.768           1.623e+01     
  55.000          90.000            1.461e+00           1.353e+00              96.343          -1.464e+01             177.258           1.611e+01     
  56.000          90.000            1.246e+00           1.135e+00              96.252          -1.475e+01             177.739           1.599e+01     
  57.000          90.000            1.029e+00           9.153e-01              96.149          -1.486e+01             178.211           1.586e+01     
  58.000          90.000            8.086e-01           6.924e-01              96.032          -1.497e+01             178.673           1.574e+01     
  59.000          90.000            5.860e-01           4.668e-01              95.901          -1.509e+01             179.124           1.562e+01     
  60.000          90.000            3.608e-01           2.387e-01              95.756          -1.521e+01             179.563           1.550e+01     
  61.000          90.000            1.332e-01           8.021e-03              95.597          -1.533e+01             179.988           1.538e+01     
  62.000          90.000           -9.685e-02          -2.252e-01              95.423          -1.546e+01             180.399           1.527e+01     
  63.000          90.000           -3.292e-01          -4.608e-01              95.233          -1.558e+01             180.795           1.515e+01     
  64.000          90.000           -5.639e-01          -6.988e-01              95.028          -1.571e+01             181.174           1.503e+01     
  65.000          90.000           -8.009e-01          -9.392e-01              94.807          -1.584e+01             181.535           1.491e+01     
  66.000          90.000           -1.040e+00          -1.182e+00              94.570          -1.597e+01             181.878           1.480e+01     
  67.000          90.000           -1.281e+00          -1.427e+00              94.316          -1.610e+01             182.201           1.468e+01     
  68.000          90.000           -1.525e+00          -1.674e+00              94.045          -1.624e+01             182.503           1.457e+01     
  69.000          90.000           -1.770e+00          -1.923e+00              93.756          -1.638e+01             182.782           1.445e+01     
  70.000          90.000           -2.018e+00          -2.175e+00              93.450          -1.651e+01             183.038           1.434e+01     
  71.000          90.000           -2.267e+00          -2.428e+00              93.125          -1.665e+01             183.270           1.423e+01     
  72.000          90.000           -2.518e+00          -2.684e+00              92.782          -1.680e+01             183.475           1.411e+01     
  73.000          90.000           -2.772e+00          -2.941e+00              92.420          -1.694e+01             183.654           1.400e+01     
  74.000          90.000           -3.027e+00          -3.201e+00              92.039          -1.708e+01             183.805           1.389e+01     
  75.000          90.000           -3.284e+00          -3.462e+00              91.638          -1.723e+01             183.926           1.378e+01     
  76.000          90.000           -3.543e+00          -3.726e+00              91.217          -1.738e+01             184.017           1.367e+01     
  77.000          90.000           -3.804e+00          -3.992e+00              90.776          -1.753e+01             184.075           1.356e+01     
  78.000          90.000           -4.066e+00          -4.259e+00              90.315          -1.768e+01             184.100           1.345e+01     
  79.000          90.000           -4.331e+00          -4.529e+00              89.832          -1.784e+01             184.091           1.334e+01     
  80.000          90.000           -4.597e+00          -4.800e+00              89.328          -1.800e+01             184.046           1.323e+01     
  81.000          90.000           -4.865e+00          -5.074e+00              88.802          -1.815e+01             183.964           1.312e+01     
  82.000          90.000           -5.135e+00          -5.349e+00              88.254          -1.832e+01             183.842           1.301e+01     
  83.000          90.000           -5.407e+00          -5.627e+00              87.684          -1.848e+01             183.680           1.291e+01     
  84.000          90.000           -5.681e+00          -5.907e+00              87.091          -1.865e+01             183.477           1.280e+01     
  85.000          90.000           -5.958e+00          -6.189e+00              86.475          -1.881e+01             183.229           1.269e+01     
  86.000          90.000           -6.236e+00          -6.473e+00              85.836          -1.898e+01             182.936           1.259e+01     
  87.000          90.000           -6.516e+00          -6.759e+00              85.172          -1.916e+01             182.596           1.248e+01     
  88.000          90.000           -6.798e+00          -7.047e+00              84.484          -1.933e+01             182.206           1.238e+01     
  89.000          90.000           -7.083e+00          -7.338e+00              83.772          -1.951e+01             181.764           1.227e+01     
  90.000          90.000           -7.370e+00          -7.632e+00              83.034          -1.970e+01             181.269           1.217e+01     
  91.000          90.000           -7.660e+00          -7.928e+00              82.271          -1.988e+01             180.717           1.206e+01     
  92.000          90.000           -7.952e+00          -8.227e+00              81.482          -2.007e+01             180.106           1.196e+01     
  93.000          90.000           -8.247e+00          -8.529e+00              80.666          -2.026e+01             179.432           1.185e+01     
  94.000          90.000           -8.544e+00          -8.833e+00              79.824          -2.046e+01             178.694           1.174e+01     
  95.000          90.000           -8.845e+00          -9.141e+00              78.953          -2.065e+01             177.887           1.164e+01     
  96.000          90.000           -9.149e+00          -9.453e+00              78.055          -2.086e+01             177.008           1.153e+01     
  97.000          90.000           -9.456e+00          -9.767e+00              77.128          -2.106e+01             176.053           1.141e+01     
  98.000          90.000           -9.767e+00          -1.009e+01              76.172          -2.127e+01             175.018           1.130e+01     
  99.000          90.000           -1.008e+01          -1.041e+01              75.185          -2.148e+01             173.899           1.119e+01     
 100.000          90.000           -1.040e+01          -1.074e+01              74.167          -2.169e+01             172.691           1.107e+01     
 101.000          90.000           -1.072e+01          -1.107e+01              73.118          -2.190e+01             171.388           1.094e+01     
 102.000          90.000           -1.105e+01          -1.140e+01              72.035          -2.212e+01             169.987           1.081e+01     
 103.000          90.000           -1.138e+01          -1.174e+01              70.919          -2.233e+01             168.481           1.068e+01     
 104.000          90.000           -1.172e+01          -1.209e+01              69.767          -2.255e+01             166.867           1.054e+01     
 105.000          90.000           -1.206e+01          -1.244e+01              68.579          -2.277e+01             165.138           1.039e+01     
 106.000          90.000           -1.241e+01          -1.280e+01              67.353          -2.298e+01             163.289           1.023e+01     
 107.000          90.000           -1.276e+01          -1.317e+01              66.087          -2.319e+01             161.317           1.007e+01     
 108.000          90.000           -1.312e+01          -1.354e+01              64.779          -2.340e+01             159.217           9.887e+00     
 109.000          90.000           -1.348e+01          -1.392e+01              63.427          -2.360e+01             156.986           9.695e+00     
 110.000          90.000           -1.385e+01          -1.431e+01              62.029          -2.379e+01             154.623           9.488e+00     
 111.000          90.000           -1.423e+01          -1.471e+01              60.581          -2.397e+01             152.127           9.265e+00     
 112.000          90.000           -1.461e+01          -1.512e+01              59.081          -2.414e+01             149.502           9.023e+00     
 113.000          90.000           -1.500e+01          -1.554e+01              57.523          -2.430e+01             146.750           8.760e+00     
 114.000          90.000           -1.539e+01          -1.597e+01              55.904          -2.444e+01             143.880           8.474e+00     
 115.000          90.000           -1.580e+01          -1.642e+01              54.218          -2.456e+01             140.901           8.163e+00     
 116.000          90.000           -1.620e+01          -1.687e+01              52.459          -2.466e+01             137.826           7.824e+00     
 117.000          90.000           -1.662e+01          -1.735e+01              50.619          -2.473e+01             134.671           7.456e+00     
 118.000          90.000           -1.704e+01          -1.784e+01              48.689          -2.479e+01             131.455           7.055e+00     
 119.000          90.000           -1.746e+01          -1.834e+01              46.658          -2.481e+01             128.198           6.619e+00     
 120.000          90.000           -1.788e+01          -1.887e+01              44.513          -2.481e+01             124.924           6.148e+00     
 121.000          90.000           -1.831e+01          -1.942e+01              42.238          -2.479e+01             121.653           5.638e+00     
 122.000          90.000           -1.873e+01          -1.999e+01              39.813          -2.474e+01             118.409           5.089e+00     
 123.000          90.000           -1.915e+01          -2.058e+01              37.214          -2.466e+01             115.214           4.501e+00     
 124.000          90.000           -1.956e+01          -2.120e+01              34.410          -2.456e+01             112.085           3.876e+00     
 125.000          90.000           -1.995e+01          -2.185e+01              31.364          -2.445e+01             109.041           3.222e+00     
 126.000          90.000           -2.032e+01          -2.254e+01              28.027          -2.431e+01             106.094           2.555e+00     
 127.000          90.000           -2.067e+01          -2.325e+01              24.339          -2.416e+01             103.256           1.925e+00     
 128.000          90.000           -2.099e+01          -2.400e+01              20.215          -2.400e+01             100.534           1.475e+00     
 129.000          90.000           -2.127e+01          -2.477e+01              15.575          -2.383e+01              97.933           1.498e+00     
 130.000          90.000           -2.150e+01          -2.557e+01              10.294          -2.365e+01              95.456           2.059e+00     
 131.000          90.000           -2.168e+01          -2.639e+01               4.232          -2.347e+01              93.103           2.923e+00     
 132.000          90.000           -2.180e+01          -2.720e+01             357.234          -2.329e+01              90.873           3.950e+00     
 133.000          90.000           -2.187e+01          -2.796e+01             349.161          -2.310e+01              88.762           5.093e+00     
 134.000          90.000           -2.189e+01          -2.863e+01             339.937          -2.292e+01              86.766           6.342e+00     
 135.000          90.000           -2.184e+01          -2.914e+01             329.636          -2.274e+01              84.882           7.699e+00     
 136.000          90.000           -2.175e+01          -2.942e+01             318.557          -2.257e+01              83.102           9.179e+00     
 137.000          90.000           -2.162e+01          -2.945e+01             307.222          -2.240e+01              81.423           1.081e+01     
 138.000          90.000           -2.145e+01          -2.921e+01             296.236          -2.224e+01              79.838           1.263e+01     
 139.000          90.000           -2.124e+01          -2.876e+01             286.094          -2.209e+01              78.342           1.471e+01     
 140.000          90.000           -2.102e+01          -2.816e+01             277.059          -2.195e+01              76.928           1.717e+01     
 141.000          90.000           -2.078e+01          -2.747e+01             269.177          -2.182e+01              75.592           2.024e+01     
 142.000          90.000           -2.052e+01          -2.675e+01             262.359          -2.170e+01              74.328           2.447e+01     
 143.000          90.000           -2.026e+01          -2.602e+01             256.459          -2.160e+01              73.131           3.182e+01     
 144.000          90.000           -2.000e+01          -2.532e+01             251.325          -2.151e+01              71.996           4.000e+01     
 145.000          90.000           -1.973e+01          -2.464e+01             246.821          -2.143e+01              70.919           2.951e+01     
 146.000          90.000           -1.947e+01          -2.399e+01             242.831          -2.136e+01              69.896           2.458e+01     
 147.000          90.000           -1.921e+01          -2.338e+01             239.263          -2.131e+01              68.922           2.171e+01     
 148.000          90.000           -1.896e+01          -2.280e+01             236.044          -2.128e+01              67.993           1.974e+01     
 149.000          90.000           -1.872e+01          -2.226e+01             233.115          -2.126e+01              67.107           1.828e+01     
 150.000          90.000           -1.848e+01          -2.175e+01             230.431          -2.126e+01              66.258           1.715e+01     
 151.000          90.000           -1.826e+01          -2.126e+01             227.954          -2.127e+01              65.444           1.626e+01     
 152.000          90.000           -1.804e+01          -2.081e+01             225.656          -2.130e+01              64.663           1.554e+01     
 153.000          90.000           -1.783e+01          -2.038e+01             223.512          -2.136e+01              63.909           1.496e+01     
 154.000          90.000           -1.763e+01          -1.998e+01             221.505          -2.143e+01              63.182           1.449e+01     
 155.000          90.000           -1.745e+01          -1.961e+01             219.619          -2.152e+01              62.477           1.411e+01     
 156.000          90.000           -1.727e+01          -1.925e+01             217.840          -2.163e+01              61.791           1.382e+01     
 157.000          90.000           -1.710e+01          -1.892e+01             216.163          -2.176e+01              61.121           1.360e+01     
 158.000          90.000           -1.694e+01          -1.860e+01             214.571          -2.192e+01              60.465           1.345e+01     
 159.000          90.000           -1.679e+01          -1.831e+01             213.061          -2.210e+01              59.820           1.337e+01     
 160.000          90.000           -1.665e+01          -1.803e+01             211.627          -2.231e+01              59.182           1.334e+01     
 161.000          90.000           -1.652e+01          -1.777e+01             210.264          -2.255e+01              58.546           1.337e+01     
 162.000          90.000           -1.640e+01          -1.753e+01             208.966          -2.281e+01              57.909           1.346e+01     
 163.000          90.000           -1.629e+01          -1.730e+01             207.732          -2.311e+01              57.267           1.360e+01     
 164.000          90.000           -1.619e+01          -1.709e+01             206.556          -2.344e+01              56.613           1.381e+01     
 165.000          90.000           -1.609e+01          -1.690e+01             205.437          -2.380e+01              55.942           1.407e+01     
 166.000          90.000           -1.601e+01          -1.672e+01             204.373          -2.421e+01              55.246           1.440e+01     
 167.000          90.000           -1.593e+01          -1.656e+01             203.361          -2.466e+01              54.514           1.479e+01     
 168.000          90.000           -1.587e+01          -1.641e+01             202.399          -2.516e+01              53.737           1.526e+01     
 169.000          90.000           -1.581e+01          -1.628e+01             201.486          -2.572e+01              52.897           1.581e+01     
 170.000          90.000           -1.576e+01          -1.616e+01             200.620          -2.633e+01              51.975           1.645e+01     
 171.000          90.000           -1.572e+01          -1.605e+01             199.801          -2.702e+01              50.943           1.720e+01     
 172.000          90.000           -1.568e+01          -1.596e+01             199.027          -2.779e+01              49.764           1.808e+01     
 173.000          90.000           -1.566e+01          -1.588e+01             198.298          -2.866e+01              48.381           1.912e+01     
 174.000          90.000           -1.564e+01          -1.581e+01             197.613          -2.965e+01              46.713           2.037e+01     
 175.000          90.000           -1.563e+01          -1.576e+01             196.971          -3.078e+01              44.629           2.190e+01     
 176.000          90.000           -1.563e+01          -1.573e+01             196.372          -3.210e+01              41.916           2.384e+01     
 177.000          90.000           -1.564e+01          -1.570e+01             195.815          -3.364e+01              38.197           2.645e+01     
 178.000          90.000           -1.565e+01          -1.570e+01             195.300          -3.549e+01              32.757           3.034e+01     
 179.000          90.000           -1.567e+01          -1.570e+01             194.827          -3.771e+01              24.123           3.790e+01     
 180.000          90.000           -1.570e+01          -1.572e+01             194.395          -4.025e+01               9.153           4.000e+01     
 179.000         270.000           -1.574e+01          -1.575e+01             194.006          -4.238e+01             343.030           3.242e+01     
 178.000         270.000           -1.579e+01          -1.580e+01             193.658          -4.223e+01             309.576           2.736e+01     
 177.000         270.000           -1.584e+01          -1.586e+01             193.353          -3.999e+01             284.903           2.414e+01     
 176.000         270.000           -1.590e+01          -1.593e+01             193.089          -3.749e+01             270.943           2.176e+01     
 175.000         270.000           -1.597e+01          -1.602e+01             192.869          -3.534e+01             262.851           1.988e+01     
 174.000         270.000           -1.604e+01          -1.612e+01             192.691          -3.356e+01             257.744           1.831e+01     
 173.000         270.000           -1.613e+01          -1.624e+01             192.558          -3.206e+01             254.269           1.698e+01     
 172.000         270.000           -1.622e+01          -1.637e+01             192.469          -3.079e+01             251.765           1.582e+01     
 171.000         270.000           -1.632e+01          -1.652e+01             192.425          -2.970e+01             249.880           1.479e+01     
 170.000         270.000           -1.642e+01          -1.668e+01             192.428          -2.875e+01             248.415           1.387e+01     
 169.000         270.000           -1.653e+01          -1.686e+01             192.478          -2.792e+01             247.247           1.305e+01     
 168.000         270.000           -1.665e+01          -1.705e+01             192.577          -2.718e+01             246.297           1.231e+01     
 167.000         270.000           -1.678e+01          -1.726e+01             192.726          -2.652e+01             245.513           1.164e+01     
 166.000         270.000           -1.691e+01          -1.749e+01             192.927          -2.594e+01             244.861           1.103e+01     
 165.000         270.000           -1.705e+01          -1.773e+01             193.182          -2.542e+01             244.313           1.048e+01     
 164.000         270.000           -1.719e+01          -1.799e+01             193.493          -2.495e+01             243.851           9.990e+00     
 163.000         270.000           -1.735e+01          -1.827e+01             193.863          -2.453e+01             243.462           9.557e+00     
 162.000         270.000           -1.751e+01          -1.857e+01             194.294          -2.415e+01             243.135           9.179e+00     
 161.000         270.000           -1.767e+01          -1.888e+01             194.790          -2.382e+01             242.862           8.859e+00     
 160.000         270.000           -1.785e+01          -1.922e+01             195.354          -2.352e+01             242.638           8.598e+00     
 159.000         270.000           -1.803e+01          -1.958e+01             195.991          -2.326e+01             242.457           8.398e+00     
 158.000         270.000           -1.821e+01          -1.996e+01             196.706          -2.302e+01             242.316           8.263e+00     
 157.000         270.000           -1.841e+01          -2.036e+01             197.505          -2.282e+01             242.212           8.196e+00     
 156.000         270.000           -1.861e+01          -2.078e+01             198.389          -2.265e+01             242.145           8.198e+00     
 155.000         270.000           -1.881e+01          -2.123e+01             199.377          -2.250e+01             242.110           8.277e+00     
 154.000         270.000           -1.902e+01          -2.171e+01             200.475          -2.238e+01             242.108           8.435e+00     
 153.000         270.000           -1.924e+01          -2.222e+01             201.694          -2.229e+01             242.137           8.675e+00     
 152.000         270.000           -1.947e+01          -2.276e+01             203.048          -2.221e+01             242.199           9.003e+00     
 151.000         270.000           -1.970e+01          -2.333e+01             204.557          -2.216e+01             242.293           9.425e+00     
 150.000         270.000           -1.993e+01          -2.394e+01             206.243          -2.213e+01             242.419           9.949e+00     
 149.000         270.000           -2.018e+01          -2.459e+01             208.136          -2.213e+01             242.578           1.059e+01     
 148.000         270.000           -2.043e+01          -2.529e+01             210.273          -2.214e+01             242.772           1.136e+01     
 147.000         270.000           -2.068e+01          -2.604e+01             212.704          -2.217e+01             243.001           1.230e+01     
 146.000         270.000           -2.094e+01          -2.683e+01             215.495          -2.223e+01             243.268           1.344e+01     
 145.000         270.000           -2.120e+01          -2.769e+01             218.735          -2.230e+01             243.573           1.485e+01     
 144.000         270.000           -2.146e+01          -2.862e+01             222.547          -2.239e+01             243.921           1.666e+01     
 143.000         270.000           -2.173e+01          -2.961e+01             227.098          -2.251e+01             244.312           1.912e+01     
 142.000         270.000           -2.200e+01          -3.067e+01             232.624          -2.264e+01             244.751           2.281e+01     
 141.000         270.000           -2.227e+01          -3.178e+01             239.439          -2.278e+01             245.241           2.992e+01     
 140.000         270.000           -2.253e+01          -3.290e+01             247.943          -2.295e+01             245.786           3.927e+01     
 139.000         270.000           -2.279e+01          -3.396e+01             258.554          -2.314e+01             246.391           2.501e+01     
 138.000         270.000           -2.305e+01          -3.482e+01             271.475          -2.334e+01             247.061           1.965e+01     
 137.000         270.000           -2.329e+01          -3.528e+01             286.273          -2.357e+01             247.803           1.619e+01     
 136.000         270.000           -2.351e+01          -3.522e+01             301.648          -2.381e+01             248.623           1.360e+01     
 135.000         270.000           -2.371e+01          -3.468e+01             315.978          -2.407e+01             249.530           1.149e+01     
 134.000         270.000           -2.388e+01          -3.380e+01             328.249          -2.435e+01             250.534           9.702e+00     
 133.000         270.000           -2.403e+01          -3.278e+01             338.303          -2.465e+01             251.644           8.148e+00     
 132.000         270.000           -2.413e+01          -3.172e+01             346.457          -2.497e+01             252.872           6.778e+00     
 131.000         270.000           -2.420e+01          -3.069e+01             353.136          -2.530e+01             254.234           5.574e+00     
 130.000         270.000           -2.421e+01          -2.971e+01             358.710          -2.565e+01             255.744           4.546e+00     
 129.000         270.000           -2.418e+01          -2.879e+01               3.463          -2.602e+01             257.420           3.736e+00     
 128.000         270.000           -2.409e+01          -2.794e+01               7.601          -2.641e+01             259.283           3.227e+00     
 127.000         270.000           -2.396e+01          -2.714e+01              11.283          -2.681e+01             261.356           3.102e+00     
 126.000         270.000           -2.377e+01          -2.639e+01              14.592          -2.722e+01             263.662           3.354e+00     
 125.000         270.000           -2.354e+01          -2.569e+01              17.618          -2.764e+01             266.229           3.875e+00     
 124.000         270.000           -2.327e+01          -2.502e+01              20.416          -2.806e+01             269.085           4.546e+00     
 123.000         270.000           -2.296e+01          -2.439e+01              23.030          -2.849e+01             272.257           5.285e+00     
 122.000         270.000           -2.262e+01          -2.379e+01              25.489          -2.891e+01             275.771           6.046e+00     
 121.000         270.000           -2.226e+01          -2.321e+01              27.818          -2.931e+01             279.646           6.802e+00     
 120.000         270.000           -2.187e+01          -2.266e+01              30.035          -2.968e+01             283.890           7.537e+00     
 119.000         270.000           -2.147e+01          -2.212e+01              32.154          -3.002e+01             288.497           8.239e+00     
 118.000         270.000           -2.106e+01          -2.161e+01              34.185          -3.031e+01             293.439           8.900e+00     
 117.000         270.000           -2.064e+01          -2.111e+01              36.138          -3.053e+01             298.663           9.517e+00     
 116.000         270.000           -2.022e+01          -2.063e+01              38.019          -3.069e+01             304.092           1.009e+01     
 115.000         270.000           -1.979e+01          -2.015e+01              39.833          -3.076e+01             309.626           1.060e+01     
 114.000         270.000           -1.937e+01          -1.969e+01              41.585          -3.075e+01             315.153           1.107e+01     
 113.000         270.000           -1.894e+01          -1.924e+01              43.279          -3.066e+01             320.563           1.150e+01     
 112.000         270.000           -1.852e+01          -1.880e+01              44.917          -3.049e+01             325.758           1.187e+01     
 111.000         270.000           -1.810e+01          -1.837e+01              46.502          -3.027e+01             330.663           1.220e+01     
 110.000         270.000           -1.768e+01          -1.794e+01              48.036          -2.999e+01             335.227           1.249e+01     
 109.000         270.000           -1.727e+01          -1.753e+01              49.522          -2.967e+01             339.423           1.275e+01     
 108.000         270.000           -1.686e+01          -1.711e+01              50.961          -2.933e+01             343.248           1.297e+01     
 107.000         270.000           -1.646e+01          -1.671e+01              52.354          -2.897e+01             346.710           1.316e+01     
 106.000         270.000           -1.606e+01          -1.631e+01              53.703          -2.860e+01             349.830           1.333e+01     
 105.000         270.000           -1.567e+01          -1.591e+01              55.010          -2.823e+01             352.633           1.348e+01     
 104.000         270.000           -1.528e+01          -1.553e+01              56.275          -2.786e+01             355.147           1.361e+01     
 103.000         270.000           -1.490e+01          -1.514e+01              57.500          -2.749e+01             357.399           1.372e+01     
 102.000         270.000           -1.452e+01          -1.476e+01              58.687          -2.713e+01             359.415           1.382e+01     
 101.000         270.000           -1.414e+01          -1.438e+01              59.836          -2.678e+01               1.221           1.391e+01     
 100.000         270.000           -1.377e+01          -1.401e+01              60.948          -2.645e+01               2.837           1.400e+01     
  99.000         270.000           -1.341e+01          -1.365e+01              62.025          -2.612e+01               4.285           1.408e+01     
  98.000         270.000           -1.305e+01          -1.328e+01              63.067          -2.581e+01               5.582           1.415e+01     
  97.000         270.000           -1.269e+01          -1.292e+01              64.077          -2.551e+01               6.743           1.423e+01     
  96.000         270.000           -1.233e+01          -1.256e+01              65.053          -2.522e+01               7.781           1.430e+01     
  95.000         270.000           -1.198e+01          -1.221e+01              65.999          -2.494e+01               8.709           1.437e+01     
  94.000         270.000           -1.164e+01          -1.186e+01              66.914          -2.467e+01               9.537           1.444e+01     
  93.000         270.000           -1.129e+01          -1.151e+01              67.799          -2.441e+01              10.273           1.451e+01     
  92.000         270.000           -1.095e+01          -1.117e+01              68.656          -2.416e+01              10.927           1.458e+01     
  91.000         270.000           -1.062e+01          -1.082e+01              69.484          -2.393e+01              11.504           1.466e+01     
  90.000         270.000           -1.028e+01          -1.049e+01              70.286          -2.370e+01              12.011           1.474e+01     
  89.000         270.000           -9.953e+00          -1.015e+01              71.062          -2.348e+01              12.454           1.482e+01     
  88.000         270.000           -9.625e+00          -9.816e+00              71.812          -2.327e+01              12.836           1.490e+01     
  87.000         270.000           -9.299e+00          -9.485e+00              72.538          -2.307e+01              13.163           1.499e+01     
  86.000         270.000           -8.977e+00          -9.157e+00              73.239          -2.287e+01              13.438           1.508e+01     
  85.000         270.000           -8.656e+00          -8.831e+00              73.917          -2.269e+01              13.664           1.517e+01     
  84.000         270.000           -8.339e+00          -8.508e+00              74.573          -2.251e+01              13.845           1.527e+01     
  83.000         270.000           -8.023e+00          -8.187e+00              75.207          -2.233e+01              13.983           1.537e+01     
  82.000         270.000           -7.710e+00          -7.869e+00              75.819          -2.217e+01              14.081           1.548e+01     
  81.000         270.000           -7.400e+00          -7.553e+00              76.411          -2.201e+01              14.141           1.558e+01     
  80.000         270.000           -7.092e+00          -7.239e+00              76.982          -2.185e+01              14.165           1.569e+01     
  79.000         270.000           -6.786e+00          -6.928e+00              77.534          -2.170e+01              14.156           1.581e+01     
  78.000         270.000           -6.482e+00          -6.619e+00              78.066          -2.156e+01              14.114           1.592e+01     
  77.000         270.000           -6.180e+00          -6.313e+00              78.580          -2.142e+01              14.042           1.604e+01     
  76.000         270.000           -5.881e+00          -6.008e+00              79.076          -2.128e+01              13.942           1.617e+01     
  75.000         270.000           -5.584e+00          -5.706e+00              79.554          -2.115e+01              13.815           1.629e+01     
  74.000         270.000           -5.290e+00          -5.407e+00              80.016          -2.103e+01              13.662           1.642e+01     
  73.000         270.000           -4.997e+00          -5.110e+00              80.460          -2.091e+01              13.485           1.656e+01     
  72.000         270.000           -4.707e+00          -4.815e+00              80.889          -2.079e+01              13.286           1.669e+01     
  71.000         270.000           -4.419e+00          -4.523e+00              81.301          -2.068e+01              13.066           1.683e+01     
  70.000         270.000           -4.133e+00          -4.233e+00              81.698          -2.057e+01              12.825           1.697e+01     
  69.000         270.000           -3.850e+00          -3.946e+00              82.080          -2.047e+01              12.567           1.712e+01     
  68.000         270.000           -3.569e+00          -3.661e+00              82.448          -2.037e+01              12.292           1.726e+01     
  67.000         270.000           -3.290e+00          -3.378e+00              82.802          -2.028e+01              12.001           1.741e+01     
  66.000         270.000           -3.014e+00          -3.098e+00              83.141          -2.018e+01              11.696           1.757e+01     
  65.000         270.000           -2.741e+00          -2.821e+00              83.468          -2.010e+01              11.378           1.772e+01     
  64.000         270.000           -2.469e+00          -2.546e+00              83.781          -2.002e+01              11.048           1.788e+01     
  63.000         270.000           -2.201e+00          -2.274e+00              84.082          -1.994e+01              10.709           1.805e+01     
  62.000         270.000           -1.935e+00          -2.005e+00              84.371          -1.986e+01              10.361           1.821e+01     
  61.000         270.000           -1.671e+00          -1.739e+00              84.647          -1.980e+01              10.006           1.838e+01     
  60.000         270.000           -1.411e+00          -1.475e+00              84.913          -1.973e+01               9.645           1.856e+01     
  59.000         270.000           -1.152e+00          -1.214e+00              85.167          -1.967e+01               9.279           1.873e+01     
  58.000         270.000           -8.973e-01          -9.560e-01              85.410          -1.962e+01               8.911           1.891e+01     
  57.000         270.000           -6.449e-01          -7.009e-01              85.642          -1.957e+01               8.541           1.910e+01     
  56.000         270.000           -3.954e-01          -4.487e-01              85.865          -1.953e+01               8.171           1.928e+01     
  55.000         270.000           -1.488e-01          -1.996e-01              86.078          -1.949e+01               7.802           1.948e+01     
  54.000         270.000            9.476e-02           4.637e-02              86.281          -1.946e+01               7.436           1.967e+01     
  53.000         270.000            3.353e-01           2.892e-01              86.475          -1.943e+01               7.075           1.988e+01     
  52.000         270.000            5.727e-01           5.290e-01              86.661          -1.942e+01               6.720           2.008e+01     
  51.000         270.000            8.070e-01           7.655e-01              86.838          -1.941e+01               6.372           2.030e+01     
  50.000         270.000            1.038e+00           9.986e-01              87.007          -1.940e+01               6.034           2.051e+01     
  49.000         270.000            1.266e+00           1.228e+00              87.168          -1.941e+01               5.706           2.074e+01     
  48.000         270.000            1.490e+00           1.455e+00              87.322          -1.942e+01               5.392           2.097e+01     
  47.000         270.000            1.711e+00           1.678e+00              87.469          -1.944e+01               5.091           2.120e+01     
  46.000         270.000            1.929e+00           1.898e+00              87.609          -1.948e+01               4.807           2.144e+01     
  45.000         270.000            2.143e+00           2.113e+00              87.742          -1.952e+01               4.541           2.169e+01     
  44.000         270.000            2.354e+00           2.326e+00              87.870          -1.957e+01               4.295           2.195e+01     
  43.000         270.000            2.561e+00           2.535e+00              87.992          -1.964e+01               4.072           2.222e+01     
  42.000         270.000            2.764e+00           2.740e+00              88.108          -1.971e+01               3.874           2.250e+01     
  41.000         270.000            2.964e+00           2.941e+00              88.219          -1.980e+01               3.703           2.278e+01     
  40.000         270.000            3.160e+00           3.138e+00              88.325          -1.990e+01               3.563           2.308e+01     
  39.000         270.000            3.352e+00           3.332e+00              88.427          -2.002e+01               3.457           2.339e+01     
  38.000         270.000            3.540e+00           3.522e+00              88.524          -2.015e+01               3.388           2.371e+01     
  37.000         270.000            3.725e+00           3.708e+00              88.618          -2.030e+01               3.360           2.404e+01     
  36.000         270.000            3.905e+00           3.890e+00              88.708          -2.047e+01               3.377           2.439e+01     
  35.000         270.000            4.082e+00           4.067e+00              88.795          -2.066e+01               3.446           2.475e+01     
  34.000         270.000            4.254e+00           4.241e+00              88.879          -2.086e+01               3.573           2.514e+01     
  33.000         270.000            4.423e+00           4.411e+00              88.960          -2.109e+01               3.763           2.554e+01     
  32.000         270.000            4.587e+00           4.576e+00              89.038          -2.135e+01               4.027           2.596e+01     
  31.000         270.000            4.747e+00           4.737e+00              89.115          -2.163e+01               4.375           2.640e+01     
  30.000         270.000            4.903e+00           4.894e+00              89.190          -2.194e+01               4.819           2.687e+01     
  29.000         270.000            5.055e+00           5.047e+00              89.263          -2.227e+01               5.374           2.737e+01     
  28.000         270.000            5.202e+00           5.195e+00              89.335          -2.265e+01               6.060           2.790e+01     
  27.000         270.000            5.345e+00           5.339e+00              89.405          -2.306e+01               6.900           2.847e+01     
  26.000         270.000            5.484e+00           5.479e+00              89.475          -2.351e+01               7.925           2.908e+01     
  25.000         270.000            5.619e+00           5.614e+00              89.545          -2.400e+01               9.174           2.974e+01     
  24.000         270.000            5.749e+00           5.744e+00              89.614          -2.454e+01              10.697           3.045e+01     
  23.000         270.000            5.874e+00           5.871e+00              89.683          -2.514e+01              12.558           3.123e+01     
  22.000         270.000            5.995e+00           5.992e+00              89.752          -2.580e+01              14.853           3.210e+01     
  21.000         270.000            6.112e+00           6.109e+00              89.822          -2.652e+01              17.698           3.305e+01     
  20.000         270.000            6.223e+00           6.222e+00              89.892          -2.730e+01              21.255           3.414e+01     
  19.000         270.000            6.331e+00           6.329e+00              89.963          -2.813e+01              25.743           3.537e+01     
  18.000         270.000            6.434e+00           6.432e+00              90.035          -2.901e+01              31.443           3.682e+01     
  17.000         270.000            6.532e+00           6.531e+00              90.108          -2.989e+01              38.689           3.856e+01     
  16.000         270.000            6.625e+00           6.624e+00              90.182          -3.070e+01              47.791           4.000e+01     
  15.000         270.000            6.714e+00           6.713e+00              90.258          -3.131e+01              58.836           4.000e+01     
  14.000         270.000            6.798e+00           6.798e+00              90.335          -3.157e+01              71.389           4.000e+01     
  13.000         270.000            6.878e+00           6.877e+00              90.415          -3.140e+01              84.370           4.000e+01     
  12.000         270.000            6.952e+00           6.952e+00              90.496          -3.081e+01              96.487           4.000e+01     
  11.000         270.000            7.022e+00           7.021e+00              90.579          -2.994e+01             106.883           4.000e+01     
  10.000         270.000            7.087e+00           7.086e+00              90.664          -2.891e+01             115.348           4.000e+01     
   9.000         270.000            7.148e+00           7.146e+00              90.751          -2.785e+01             122.087           4.000e+01     
   8.000         270.000            7.203e+00           7.201e+00              90.841          -2.681e+01             127.434           3.850e+01     
   7.000         270.000            7.254e+00           7.252e+00              90.932          -2.581e+01             131.707           3.677e+01     
   6.000         270.000            7.300e+00           7.297e+00              91.027          -2.488e+01             135.164           3.532e+01     
   5.000         270.000            7.341e+00           7.338e+00              91.123          -2.401e+01             138.000           3.409e+01     
   4.000         270.000            7.377e+00           7.373e+00              91.223          -2.321e+01             140.360           3.301e+01     
   3.000         270.000            7.409e+00           7.404e+00              91.324          -2.246e+01             142.351           3.205e+01     
   2.000         270.000            7.435e+00           7.430e+00              91.428          -2.176e+01             144.054           3.119e+01     
   1.000         270.000            7.457e+00           7.451e+00              91.535          -2.111e+01             145.528           3.041e+01     
