Theta [deg.]  Phi   [deg.]  Abs(Grlz)[dBi   ]   Abs(Horiz)[dBi   ]  Phase(Horiz)[deg.]  Abs(Verti)[dBi   ]  Phase(Verti)[deg.]  Ax.Ratio[dB    ]    
------------------------------------------------------------------------------------------------------------------------------------------------------
   0.000          90.000            8.438e+00           8.431e+00             178.950          -1.980e+01             268.997           2.823e+01     
   1.000          90.000            8.482e+00           8.475e+00             178.995          -1.947e+01             266.236           2.795e+01     
   2.000          90.000            8.520e+00           8.513e+00             179.045          -1.914e+01             263.698           2.769e+01     
   3.000          90.000            8.553e+00           8.545e+00             179.099          -1.881e+01             261.372           2.743e+01     
   4.000          90.000            8.579e+00           8.571e+00             179.156          -1.848e+01             259.247           2.718e+01     
   5.000          90.000            8.600e+00           8.591e+00             179.217          -1.816e+01             257.309           2.694e+01     
   6.000          90.000            8.615e+00           8.606e+00             179.282          -1.785e+01             255.545           2.671e+01     
   7.000          90.000            8.625e+00           8.614e+00             179.350          -1.755e+01             253.942           2.649e+01     
   8.000          90.000            8.628e+00           8.617e+00             179.421          -1.727e+01             252.488           2.627e+01     
   9.000          90.000            8.626e+00           8.614e+00             179.496          -1.699e+01             251.170           2.606e+01     
  10.000          90.000            8.618e+00           8.605e+00             179.573          -1.673e+01             249.977           2.586e+01     
  11.000          90.000            8.604e+00           8.591e+00             179.654          -1.649e+01             248.901           2.566e+01     
  12.000          90.000            8.585e+00           8.570e+00             179.737          -1.626e+01             247.931           2.547e+01     
  13.000          90.000            8.559e+00           8.544e+00             179.822          -1.604e+01             247.058           2.529e+01     
  14.000          90.000            8.529e+00           8.513e+00             179.909          -1.583e+01             246.277           2.511e+01     
  15.000          90.000            8.492e+00           8.475e+00             179.999          -1.564e+01             245.580           2.494e+01     
  16.000          90.000            8.450e+00           8.432e+00             180.090          -1.547e+01             244.960           2.477e+01     
  17.000          90.000            8.402e+00           8.383e+00             180.183          -1.531e+01             244.412           2.461e+01     
  18.000          90.000            8.348e+00           8.329e+00             180.277          -1.516e+01             243.932           2.445e+01     
  19.000          90.000            8.289e+00           8.269e+00             180.372          -1.503e+01             243.515           2.429e+01     
  20.000          90.000            8.225e+00           8.204e+00             180.468          -1.490e+01             243.157           2.414e+01     
  21.000          90.000            8.155e+00           8.133e+00             180.565          -1.480e+01             242.854           2.400e+01     
  22.000          90.000            8.079e+00           8.056e+00             180.661          -1.470e+01             242.604           2.385e+01     
  23.000          90.000            7.998e+00           7.975e+00             180.758          -1.462e+01             242.403           2.371e+01     
  24.000          90.000            7.912e+00           7.887e+00             180.854          -1.455e+01             242.249           2.358e+01     
  25.000          90.000            7.821e+00           7.795e+00             180.949          -1.449e+01             242.139           2.344e+01     
  26.000          90.000            7.724e+00           7.697e+00             181.043          -1.444e+01             242.071           2.331e+01     
  27.000          90.000            7.621e+00           7.594e+00             181.136          -1.441e+01             242.044           2.319e+01     
  28.000          90.000            7.514e+00           7.486e+00             181.228          -1.438e+01             242.056           2.306e+01     
  29.000          90.000            7.402e+00           7.373e+00             181.317          -1.437e+01             242.105           2.294e+01     
  30.000          90.000            7.284e+00           7.254e+00             181.404          -1.436e+01             242.190           2.281e+01     
  31.000          90.000            7.162e+00           7.131e+00             181.488          -1.437e+01             242.309           2.269e+01     
  32.000          90.000            7.034e+00           7.003e+00             181.569          -1.439e+01             242.462           2.258e+01     
  33.000          90.000            6.902e+00           6.869e+00             181.647          -1.441e+01             242.648           2.246e+01     
  34.000          90.000            6.764e+00           6.731e+00             181.721          -1.445e+01             242.865           2.235e+01     
  35.000          90.000            6.622e+00           6.588e+00             181.791          -1.449e+01             243.112           2.223e+01     
  36.000          90.000            6.475e+00           6.441e+00             181.856          -1.454e+01             243.390           2.212e+01     
  37.000          90.000            6.324e+00           6.289e+00             181.916          -1.460e+01             243.697           2.201e+01     
  38.000          90.000            6.168e+00           6.132e+00             181.971          -1.467e+01             244.032           2.190e+01     
  39.000          90.000            6.007e+00           5.971e+00             182.020          -1.475e+01             244.395           2.179e+01     
  40.000          90.000            5.842e+00           5.805e+00             182.062          -1.483e+01             244.785           2.168e+01     
  41.000          90.000            5.673e+00           5.635e+00             182.098          -1.492e+01             245.202           2.157e+01     
  42.000          90.000            5.499e+00           5.461e+00             182.127          -1.502e+01             245.644           2.146e+01     
  43.000          90.000            5.321e+00           5.282e+00             182.148          -1.512e+01             246.112           2.135e+01     
  44.000          90.000            5.139e+00           5.099e+00             182.162          -1.523e+01             246.605           2.124e+01     
  45.000          90.000            4.953e+00           4.913e+00             182.167          -1.534e+01             247.121           2.113e+01     
  46.000          90.000            4.763e+00           4.722e+00             182.163          -1.546e+01             247.661           2.102e+01     
  47.000          90.000            4.569e+00           4.527e+00             182.150          -1.559e+01             248.223           2.091e+01     
  48.000          90.000            4.372e+00           4.329e+00             182.127          -1.572e+01             248.806           2.080e+01     
  49.000          90.000            4.170e+00           4.127e+00             182.093          -1.585e+01             249.411           2.069e+01     
  50.000          90.000            3.965e+00           3.921e+00             182.049          -1.599e+01             250.035           2.058e+01     
  51.000          90.000            3.757e+00           3.712e+00             181.994          -1.613e+01             250.679           2.047e+01     
  52.000          90.000            3.544e+00           3.499e+00             181.926          -1.627e+01             251.339           2.036e+01     
  53.000          90.000            3.329e+00           3.283e+00             181.847          -1.642e+01             252.017           2.024e+01     
  54.000          90.000            3.110e+00           3.063e+00             181.754          -1.657e+01             252.709           2.013e+01     
  55.000          90.000            2.888e+00           2.841e+00             181.649          -1.672e+01             253.415           2.001e+01     
  56.000          90.000            2.663e+00           2.615e+00             181.529          -1.687e+01             254.134           1.990e+01     
  57.000          90.000            2.435e+00           2.386e+00             181.395          -1.702e+01             254.863           1.978e+01     
  58.000          90.000            2.204e+00           2.154e+00             181.246          -1.718e+01             255.600           1.967e+01     
  59.000          90.000            1.971e+00           1.919e+00             181.081          -1.733e+01             256.345           1.955e+01     
  60.000          90.000            1.734e+00           1.682e+00             180.901          -1.749e+01             257.094           1.943e+01     
  61.000          90.000            1.495e+00           1.442e+00             180.704          -1.764e+01             257.847           1.931e+01     
  62.000          90.000            1.253e+00           1.199e+00             180.489          -1.780e+01             258.600           1.919e+01     
  63.000          90.000            1.009e+00           9.534e-01             180.257          -1.795e+01             259.351           1.907e+01     
  64.000          90.000            7.624e-01           7.056e-01             180.006          -1.810e+01             260.098           1.894e+01     
  65.000          90.000            5.135e-01           4.555e-01             179.736          -1.826e+01             260.839           1.882e+01     
  66.000          90.000            2.624e-01           2.030e-01             179.447          -1.841e+01             261.571           1.870e+01     
  67.000          90.000            9.203e-03          -5.158e-02             179.138          -1.856e+01             262.292           1.857e+01     
  68.000          90.000           -2.460e-01          -3.083e-01             178.807          -1.871e+01             262.998           1.845e+01     
  69.000          90.000           -5.033e-01          -5.671e-01             178.456          -1.886e+01             263.688           1.832e+01     
  70.000          90.000           -7.623e-01          -8.279e-01             178.082          -1.901e+01             264.359           1.820e+01     
  71.000          90.000           -1.023e+00          -1.091e+00             177.686          -1.915e+01             265.009           1.807e+01     
  72.000          90.000           -1.286e+00          -1.355e+00             177.266          -1.930e+01             265.634           1.795e+01     
  73.000          90.000           -1.550e+00          -1.621e+00             176.823          -1.944e+01             266.233           1.782e+01     
  74.000          90.000           -1.816e+00          -1.889e+00             176.355          -1.959e+01             266.802           1.770e+01     
  75.000          90.000           -2.083e+00          -2.159e+00             175.862          -1.973e+01             267.341           1.757e+01     
  76.000          90.000           -2.352e+00          -2.430e+00             175.343          -1.987e+01             267.845           1.745e+01     
  77.000          90.000           -2.622e+00          -2.702e+00             174.798          -2.001e+01             268.314           1.733e+01     
  78.000          90.000           -2.894e+00          -2.976e+00             174.226          -2.015e+01             268.744           1.720e+01     
  79.000          90.000           -3.167e+00          -3.252e+00             173.627          -2.029e+01             269.135           1.708e+01     
  80.000          90.000           -3.441e+00          -3.529e+00             172.999          -2.043e+01             269.483           1.696e+01     
  81.000          90.000           -3.716e+00          -3.807e+00             172.342          -2.057e+01             269.787           1.684e+01     
  82.000          90.000           -3.993e+00          -4.086e+00             171.657          -2.071e+01             270.045           1.672e+01     
  83.000          90.000           -4.270e+00          -4.367e+00             170.941          -2.085e+01             270.256           1.661e+01     
  84.000          90.000           -4.549e+00          -4.649e+00             170.194          -2.100e+01             270.416           1.649e+01     
  85.000          90.000           -4.829e+00          -4.932e+00             169.417          -2.114e+01             270.526           1.638e+01     
  86.000          90.000           -5.110e+00          -5.216e+00             168.608          -2.129e+01             270.582           1.627e+01     
  87.000          90.000           -5.392e+00          -5.501e+00             167.767          -2.144e+01             270.584           1.617e+01     
  88.000          90.000           -5.675e+00          -5.788e+00             166.893          -2.159e+01             270.529           1.606e+01     
  89.000          90.000           -5.959e+00          -6.075e+00             165.986          -2.174e+01             270.415           1.596e+01     
  90.000          90.000           -6.245e+00          -6.364e+00             165.046          -2.190e+01             270.240           1.586e+01     
  91.000          90.000           -6.531e+00          -6.654e+00             164.071          -2.206e+01             270.003           1.577e+01     
  92.000          90.000           -6.819e+00          -6.946e+00             163.062          -2.222e+01             269.700           1.567e+01     
  93.000          90.000           -7.108e+00          -7.238e+00             162.017          -2.239e+01             269.330           1.558e+01     
  94.000          90.000           -7.398e+00          -7.532e+00             160.937          -2.257e+01             268.890           1.549e+01     
  95.000          90.000           -7.689e+00          -7.827e+00             159.821          -2.274e+01             268.376           1.541e+01     
  96.000          90.000           -7.983e+00          -8.124e+00             158.669          -2.293e+01             267.785           1.533e+01     
  97.000          90.000           -8.277e+00          -8.422e+00             157.479          -2.311e+01             267.114           1.525e+01     
  98.000          90.000           -8.574e+00          -8.722e+00             156.253          -2.331e+01             266.359           1.517e+01     
  99.000          90.000           -8.872e+00          -9.024e+00             154.988          -2.351e+01             265.514           1.509e+01     
 100.000          90.000           -9.173e+00          -9.328e+00             153.686          -2.371e+01             264.576           1.502e+01     
 101.000          90.000           -9.475e+00          -9.634e+00             152.344          -2.393e+01             263.537           1.494e+01     
 102.000          90.000           -9.780e+00          -9.942e+00             150.963          -2.414e+01             262.392           1.487e+01     
 103.000          90.000           -1.009e+01          -1.025e+01             149.543          -2.437e+01             261.134           1.479e+01     
 104.000          90.000           -1.040e+01          -1.057e+01             148.081          -2.460e+01             259.755           1.472e+01     
 105.000          90.000           -1.071e+01          -1.088e+01             146.578          -2.483e+01             258.247           1.464e+01     
 106.000          90.000           -1.103e+01          -1.120e+01             145.033          -2.507e+01             256.599           1.455e+01     
 107.000          90.000           -1.135e+01          -1.153e+01             143.445          -2.532e+01             254.804           1.446e+01     
 108.000          90.000           -1.167e+01          -1.185e+01             141.812          -2.557e+01             252.850           1.436e+01     
 109.000          90.000           -1.200e+01          -1.219e+01             140.133          -2.582e+01             250.726           1.425e+01     
 110.000          90.000           -1.234e+01          -1.252e+01             138.406          -2.607e+01             248.422           1.413e+01     
 111.000          90.000           -1.268e+01          -1.287e+01             136.629          -2.632e+01             245.927           1.400e+01     
 112.000          90.000           -1.302e+01          -1.322e+01             134.800          -2.656e+01             243.232           1.384e+01     
 113.000          90.000           -1.337e+01          -1.357e+01             132.915          -2.680e+01             240.330           1.367e+01     
 114.000          90.000           -1.373e+01          -1.393e+01             130.972          -2.702e+01             237.215           1.348e+01     
 115.000          90.000           -1.409e+01          -1.431e+01             128.966          -2.723e+01             233.887           1.325e+01     
 116.000          90.000           -1.446e+01          -1.469e+01             126.891          -2.742e+01             230.351           1.300e+01     
 117.000          90.000           -1.484e+01          -1.508e+01             124.743          -2.758e+01             226.617           1.272e+01     
 118.000          90.000           -1.522e+01          -1.548e+01             122.512          -2.772e+01             222.704           1.240e+01     
 119.000          90.000           -1.562e+01          -1.589e+01             120.192          -2.781e+01             218.638           1.203e+01     
 120.000          90.000           -1.602e+01          -1.631e+01             117.771          -2.787e+01             214.453           1.163e+01     
 121.000          90.000           -1.643e+01          -1.675e+01             115.236          -2.789e+01             210.189           1.118e+01     
 122.000          90.000           -1.685e+01          -1.720e+01             112.572          -2.787e+01             205.892           1.068e+01     
 123.000          90.000           -1.727e+01          -1.767e+01             109.762          -2.780e+01             201.609           1.013e+01     
 124.000          90.000           -1.770e+01          -1.816e+01             106.782          -2.769e+01             197.384           9.533e+00     
 125.000          90.000           -1.813e+01          -1.866e+01             103.607          -2.754e+01             193.259           8.884e+00     
 126.000          90.000           -1.856e+01          -1.918e+01             100.204          -2.736e+01             189.270           8.185e+00     
 127.000          90.000           -1.899e+01          -1.971e+01              96.535          -2.715e+01             185.445           7.438e+00     
 128.000          90.000           -1.941e+01          -2.026e+01              92.556          -2.691e+01             181.803           6.651e+00     
 129.000          90.000           -1.982e+01          -2.083e+01              88.214          -2.666e+01             178.357           5.832e+00     
 130.000          90.000           -2.021e+01          -2.140e+01              83.450          -2.639e+01             175.113           5.001e+00     
 131.000          90.000           -2.056e+01          -2.197e+01              78.201          -2.612e+01             172.069           4.191e+00     
 132.000          90.000           -2.087e+01          -2.253e+01              72.402          -2.584e+01             169.221           3.472e+00     
 133.000          90.000           -2.112e+01          -2.306e+01              65.993          -2.556e+01             166.562           2.982e+00     
 134.000          90.000           -2.132e+01          -2.354e+01              58.959          -2.528e+01             164.083           2.910e+00     
 135.000          90.000           -2.144e+01          -2.395e+01              51.311          -2.501e+01             161.772           3.350e+00     
 136.000          90.000           -2.148e+01          -2.425e+01              43.132          -2.474e+01             159.618           4.198e+00     
 137.000          90.000           -2.144e+01          -2.441e+01              34.584          -2.449e+01             157.609           5.310e+00     
 138.000          90.000           -2.133e+01          -2.444e+01              25.893          -2.425e+01             155.733           6.598e+00     
 139.000          90.000           -2.115e+01          -2.431e+01              17.321          -2.402e+01             153.981           8.023e+00     
 140.000          90.000           -2.091e+01          -2.405e+01               9.105          -2.380e+01             152.341           9.573e+00     
 141.000          90.000           -2.063e+01          -2.368e+01               1.425          -2.360e+01             150.803           1.125e+01     
 142.000          90.000           -2.031e+01          -2.322e+01             354.381          -2.341e+01             149.359           1.308e+01     
 143.000          90.000           -1.996e+01          -2.272e+01             348.005          -2.324e+01             148.001           1.509e+01     
 144.000          90.000           -1.960e+01          -2.218e+01             342.274          -2.309e+01             146.721           1.734e+01     
 145.000          90.000           -1.923e+01          -2.163e+01             337.139          -2.295e+01             145.511           1.995e+01     
 146.000          90.000           -1.887e+01          -2.109e+01             332.536          -2.284e+01             144.366           2.310e+01     
 147.000          90.000           -1.850e+01          -2.055e+01             328.401          -2.274e+01             143.278           2.726e+01     
 148.000          90.000           -1.814e+01          -2.004e+01             324.672          -2.266e+01             142.244           3.387e+01     
 149.000          90.000           -1.779e+01          -1.954e+01             321.294          -2.260e+01             141.257           4.000e+01     
 150.000          90.000           -1.746e+01          -1.907e+01             318.220          -2.256e+01             140.312           3.545e+01     
 151.000          90.000           -1.714e+01          -1.862e+01             315.408          -2.254e+01             139.406           3.000e+01     
 152.000          90.000           -1.683e+01          -1.819e+01             312.823          -2.254e+01             138.533           2.709e+01     
 153.000          90.000           -1.654e+01          -1.779e+01             310.438          -2.256e+01             137.690           2.522e+01     
 154.000          90.000           -1.627e+01          -1.742e+01             308.227          -2.261e+01             136.873           2.391e+01     
 155.000          90.000           -1.601e+01          -1.707e+01             306.169          -2.267e+01             136.077           2.296e+01     
 156.000          90.000           -1.577e+01          -1.674e+01             304.248          -2.277e+01             135.299           2.226e+01     
 157.000          90.000           -1.555e+01          -1.643e+01             302.448          -2.288e+01             134.534           2.175e+01     
 158.000          90.000           -1.534e+01          -1.615e+01             300.756          -2.303e+01             133.780           2.138e+01     
 159.000          90.000           -1.515e+01          -1.589e+01             299.166          -2.320e+01             133.028           2.114e+01     
 160.000          90.000           -1.497e+01          -1.565e+01             297.661          -2.340e+01             132.279           2.099e+01     
 161.000          90.000           -1.482e+01          -1.543e+01             296.238          -2.363e+01             131.524           2.094e+01     
 162.000          90.000           -1.468e+01          -1.523e+01             294.889          -2.390e+01             130.759           2.097e+01     
 163.000          90.000           -1.455e+01          -1.505e+01             293.608          -2.420e+01             129.977           2.108e+01     
 164.000          90.000           -1.444e+01          -1.489e+01             292.390          -2.454e+01             129.169           2.127e+01     
 165.000          90.000           -1.435e+01          -1.474e+01             291.230          -2.492e+01             128.325           2.154e+01     
 166.000          90.000           -1.427e+01          -1.462e+01             290.124          -2.534e+01             127.435           2.190e+01     
 167.000          90.000           -1.421e+01          -1.452e+01             289.069          -2.581e+01             126.484           2.235e+01     
 168.000          90.000           -1.416e+01          -1.443e+01             288.062          -2.634e+01             125.452           2.290e+01     
 169.000          90.000           -1.413e+01          -1.436e+01             287.100          -2.693e+01             124.314           2.358e+01     
 170.000          90.000           -1.411e+01          -1.431e+01             286.180          -2.759e+01             123.038           2.440e+01     
 171.000          90.000           -1.411e+01          -1.428e+01             285.300          -2.833e+01             121.578           2.541e+01     
 172.000          90.000           -1.413e+01          -1.427e+01             284.458          -2.917e+01             119.866           2.667e+01     
 173.000          90.000           -1.416e+01          -1.427e+01             283.653          -3.011e+01             117.808           2.829e+01     
 174.000          90.000           -1.420e+01          -1.429e+01             282.883          -3.119e+01             115.255           3.045e+01     
 175.000          90.000           -1.427e+01          -1.433e+01             282.145          -3.243e+01             111.970           3.358e+01     
 176.000          90.000           -1.434e+01          -1.439e+01             281.440          -3.386e+01             107.556           3.901e+01     
 177.000          90.000           -1.443e+01          -1.447e+01             280.766          -3.552e+01             101.312           4.000e+01     
 178.000          90.000           -1.454e+01          -1.456e+01             280.121          -3.741e+01              91.968           3.985e+01     
 179.000          90.000           -1.466e+01          -1.468e+01             279.505          -3.939e+01              77.371           3.322e+01     
 180.000          90.000           -1.480e+01          -1.481e+01             278.916          -4.088e+01              55.412           2.933e+01     
 179.000         270.000           -1.495e+01          -1.496e+01             278.356          -4.090e+01              29.107           2.652e+01     
 178.000         270.000           -1.512e+01          -1.513e+01             277.821          -3.944e+01               7.162           2.431e+01     
 177.000         270.000           -1.530e+01          -1.532e+01             277.313          -3.749e+01             352.607           2.246e+01     
 176.000         270.000           -1.550e+01          -1.554e+01             276.829          -3.563e+01             343.319           2.086e+01     
 175.000         270.000           -1.571e+01          -1.577e+01             276.370          -3.401e+01             337.147           1.945e+01     
 174.000         270.000           -1.593e+01          -1.603e+01             275.936          -3.261e+01             332.821           1.818e+01     
 173.000         270.000           -1.617e+01          -1.631e+01             275.525          -3.141e+01             329.642           1.703e+01     
 172.000         270.000           -1.643e+01          -1.661e+01             275.137          -3.037e+01             327.213           1.597e+01     
 171.000         270.000           -1.670e+01          -1.693e+01             274.771          -2.946e+01             325.297           1.498e+01     
 170.000         270.000           -1.698e+01          -1.728e+01             274.428          -2.867e+01             323.747           1.406e+01     
 169.000         270.000           -1.727e+01          -1.766e+01             274.107          -2.796e+01             322.468           1.320e+01     
 168.000         270.000           -1.758e+01          -1.807e+01             273.806          -2.734e+01             321.393           1.239e+01     
 167.000         270.000           -1.790e+01          -1.850e+01             273.526          -2.679e+01             320.478           1.164e+01     
 166.000         270.000           -1.823e+01          -1.897e+01             273.266          -2.630e+01             319.690           1.093e+01     
 165.000         270.000           -1.857e+01          -1.947e+01             273.024          -2.587e+01             319.005           1.028e+01     
 164.000         270.000           -1.892e+01          -2.000e+01             272.800          -2.549e+01             318.406           9.678e+00     
 163.000         270.000           -1.928e+01          -2.058e+01             272.591          -2.515e+01             317.877           9.140e+00     
 162.000         270.000           -1.964e+01          -2.120e+01             272.397          -2.486e+01             317.409           8.672e+00     
 161.000         270.000           -2.001e+01          -2.186e+01             272.214          -2.460e+01             316.993           8.288e+00     
 160.000         270.000           -2.038e+01          -2.258e+01             272.038          -2.439e+01             316.622           8.003e+00     
 159.000         270.000           -2.075e+01          -2.336e+01             271.865          -2.420e+01             316.292           7.836e+00     
 158.000         270.000           -2.112e+01          -2.420e+01             271.676          -2.405e+01             316.000           7.803e+00     
 157.000         270.000           -2.148e+01          -2.513e+01             271.484          -2.393e+01             315.738           7.930e+00     
 156.000         270.000           -2.184e+01          -2.615e+01             271.262          -2.385e+01             315.506           8.232e+00     
 155.000         270.000           -2.218e+01          -2.727e+01             270.987          -2.379e+01             315.302           8.725e+00     
 154.000         270.000           -2.251e+01          -2.854e+01             270.626          -2.376e+01             315.123           9.425e+00     
 153.000         270.000           -2.282e+01          -2.998e+01             270.117          -2.375e+01             314.968           1.036e+01     
 152.000         270.000           -2.312e+01          -3.166e+01             269.357          -2.377e+01             314.836           1.155e+01     
 151.000         270.000           -2.339e+01          -3.367e+01             268.139          -2.382e+01             314.726           1.306e+01     
 150.000         270.000           -2.365e+01          -3.617e+01             266.005          -2.390e+01             314.638           1.499e+01     
 149.000         270.000           -2.388e+01          -3.949e+01             261.702          -2.400e+01             314.571           1.755e+01     
 148.000         270.000           -2.408e+01          -4.441e+01             250.384          -2.412e+01             314.524           2.122e+01     
 147.000         270.000           -2.427e+01          -5.114e+01             202.443          -2.428e+01             314.499           2.753e+01     
 146.000         270.000           -2.443e+01          -4.675e+01             133.421          -2.445e+01             314.495           4.000e+01     
 145.000         270.000           -2.457e+01          -4.148e+01             116.942          -2.466e+01             314.512           2.739e+01     
 144.000         270.000           -2.469e+01          -3.817e+01             111.630          -2.489e+01             314.553           2.181e+01     
 143.000         270.000           -2.480e+01          -3.586e+01             109.391          -2.515e+01             314.617           1.871e+01     
 142.000         270.000           -2.488e+01          -3.411e+01             108.421          -2.544e+01             314.706           1.667e+01     
 141.000         270.000           -2.496e+01          -3.272e+01             108.116          -2.575e+01             314.822           1.525e+01     
 140.000         270.000           -2.502e+01          -3.159e+01             108.218          -2.610e+01             314.967           1.427e+01     
 139.000         270.000           -2.507e+01          -3.065e+01             108.601          -2.648e+01             315.145           1.361e+01     
 138.000         270.000           -2.511e+01          -2.984e+01             109.195          -2.690e+01             315.358           1.322e+01     
 137.000         270.000           -2.514e+01          -2.915e+01             109.961          -2.735e+01             315.611           1.306e+01     
 136.000         270.000           -2.517e+01          -2.855e+01             110.873          -2.783e+01             315.911           1.310e+01     
 135.000         270.000           -2.518e+01          -2.802e+01             111.916          -2.836e+01             316.264           1.333e+01     
 134.000         270.000           -2.518e+01          -2.755e+01             113.077          -2.894e+01             316.680           1.372e+01     
 133.000         270.000           -2.517e+01          -2.713e+01             114.350          -2.957e+01             317.172           1.426e+01     
 132.000         270.000           -2.515e+01          -2.676e+01             115.743          -3.025e+01             317.756           1.496e+01     
 131.000         270.000           -2.512e+01          -2.641e+01             117.219          -3.100e+01             318.453           1.577e+01     
 130.000         270.000           -2.507e+01          -2.610e+01             118.790          -3.182e+01             319.295           1.671e+01     
 129.000         270.000           -2.500e+01          -2.581e+01             120.452          -3.272e+01             320.325           1.775e+01     
 128.000         270.000           -2.492e+01          -2.553e+01             122.197          -3.373e+01             321.607           1.888e+01     
 127.000         270.000           -2.482e+01          -2.527e+01             124.022          -3.485e+01             323.236           2.006e+01     
 126.000         270.000           -2.470e+01          -2.502e+01             125.918          -3.612e+01             325.364           2.124e+01     
 125.000         270.000           -2.456e+01          -2.478e+01             127.877          -3.758e+01             328.242           2.236e+01     
 124.000         270.000           -2.440e+01          -2.454e+01             129.892          -3.926e+01             332.315           2.334e+01     
 123.000         270.000           -2.421e+01          -2.430e+01             131.953          -4.123e+01             338.419           2.409e+01     
 122.000         270.000           -2.401e+01          -2.406e+01             134.050          -4.353e+01             348.233           2.454e+01     
 121.000         270.000           -2.379e+01          -2.382e+01             136.171          -4.598e+01               4.966           2.465e+01     
 120.000         270.000           -2.356e+01          -2.357e+01             138.306          -4.765e+01              31.797           2.444e+01     
 119.000         270.000           -2.330e+01          -2.332e+01             140.443          -4.711e+01              61.841           2.397e+01     
 118.000         270.000           -2.303e+01          -2.306e+01             142.571          -4.506e+01              83.011           2.330e+01     
 117.000         270.000           -2.275e+01          -2.279e+01             144.679          -4.288e+01              95.427           2.254e+01     
 116.000         270.000           -2.246e+01          -2.252e+01             146.757          -4.100e+01             102.897           2.173e+01     
 115.000         270.000           -2.215e+01          -2.224e+01             148.795          -3.942e+01             107.714           2.093e+01     
 114.000         270.000           -2.184e+01          -2.195e+01             150.785          -3.810e+01             111.017           2.016e+01     
 113.000         270.000           -2.152e+01          -2.165e+01             152.719          -3.699e+01             113.394           1.945e+01     
 112.000         270.000           -2.120e+01          -2.134e+01             154.591          -3.603e+01             115.164           1.881e+01     
 111.000         270.000           -2.087e+01          -2.103e+01             156.395          -3.520e+01             116.515           1.823e+01     
 110.000         270.000           -2.054e+01          -2.071e+01             158.127          -3.448e+01             117.565           1.772e+01     
 109.000         270.000           -2.020e+01          -2.039e+01             159.785          -3.385e+01             118.386           1.727e+01     
 108.000         270.000           -1.986e+01          -2.006e+01             161.367          -3.329e+01             119.030           1.689e+01     
 107.000         270.000           -1.952e+01          -1.973e+01             162.871          -3.280e+01             119.530           1.657e+01     
 106.000         270.000           -1.918e+01          -1.940e+01             164.297          -3.237e+01             119.910           1.630e+01     
 105.000         270.000           -1.884e+01          -1.906e+01             165.646          -3.198e+01             120.185           1.609e+01     
 104.000         270.000           -1.850e+01          -1.872e+01             166.919          -3.164e+01             120.369           1.592e+01     
 103.000         270.000           -1.816e+01          -1.838e+01             168.117          -3.135e+01             120.469           1.580e+01     
 102.000         270.000           -1.782e+01          -1.803e+01             169.243          -3.108e+01             120.490           1.572e+01     
 101.000         270.000           -1.748e+01          -1.769e+01             170.298          -3.086e+01             120.435           1.568e+01     
 100.000         270.000           -1.714e+01          -1.734e+01             171.286          -3.066e+01             120.306           1.567e+01     
  99.000         270.000           -1.680e+01          -1.699e+01             172.208          -3.049e+01             120.103           1.570e+01     
  98.000         270.000           -1.646e+01          -1.665e+01             173.068          -3.035e+01             119.825           1.576e+01     
  97.000         270.000           -1.613e+01          -1.630e+01             173.868          -3.023e+01             119.469           1.585e+01     
  96.000         270.000           -1.579e+01          -1.595e+01             174.611          -3.013e+01             119.033           1.596e+01     
  95.000         270.000           -1.545e+01          -1.560e+01             175.301          -3.006e+01             118.512           1.610e+01     
  94.000         270.000           -1.511e+01          -1.525e+01             175.939          -3.001e+01             117.901           1.627e+01     
  93.000         270.000           -1.477e+01          -1.491e+01             176.529          -2.998e+01             117.195           1.645e+01     
  92.000         270.000           -1.444e+01          -1.456e+01             177.073          -2.996e+01             116.386           1.665e+01     
  91.000         270.000           -1.410e+01          -1.421e+01             177.573          -2.996e+01             115.467           1.688e+01     
  90.000         270.000           -1.376e+01          -1.386e+01             178.033          -2.998e+01             114.430           1.712e+01     
  89.000         270.000           -1.342e+01          -1.352e+01             178.455          -3.001e+01             113.266           1.737e+01     
  88.000         270.000           -1.308e+01          -1.317e+01             178.841          -3.006e+01             111.964           1.764e+01     
  87.000         270.000           -1.274e+01          -1.282e+01             179.193          -3.011e+01             110.515           1.793e+01     
  86.000         270.000           -1.240e+01          -1.248e+01             179.513          -3.018e+01             108.908           1.822e+01     
  85.000         270.000           -1.207e+01          -1.213e+01             179.803          -3.025e+01             107.132           1.853e+01     
  84.000         270.000           -1.173e+01          -1.179e+01             180.066          -3.032e+01             105.176           1.885e+01     
  83.000         270.000           -1.139e+01          -1.144e+01             180.303          -3.040e+01             103.033           1.918e+01     
  82.000         270.000           -1.104e+01          -1.109e+01             180.516          -3.047e+01             100.693           1.952e+01     
  81.000         270.000           -1.070e+01          -1.075e+01             180.706          -3.054e+01              98.151           1.987e+01     
  80.000         270.000           -1.036e+01          -1.040e+01             180.876          -3.060e+01              95.406           2.022e+01     
  79.000         270.000           -1.002e+01          -1.006e+01             181.025          -3.064e+01              92.462           2.058e+01     
  78.000         270.000           -9.682e+00          -9.717e+00             181.157          -3.066e+01              89.326           2.095e+01     
  77.000         270.000           -9.341e+00          -9.373e+00             181.271          -3.066e+01              86.015           2.132e+01     
  76.000         270.000           -9.000e+00          -9.030e+00             181.370          -3.062e+01              82.552           2.170e+01     
  75.000         270.000           -8.660e+00          -8.688e+00             181.454          -3.056e+01              78.965           2.208e+01     
  74.000         270.000           -8.320e+00          -8.346e+00             181.525          -3.045e+01              75.291           2.246e+01     
  73.000         270.000           -7.980e+00          -8.006e+00             181.583          -3.031e+01              71.570           2.285e+01     
  72.000         270.000           -7.641e+00          -7.666e+00             181.629          -3.013e+01              67.843           2.324e+01     
  71.000         270.000           -7.303e+00          -7.327e+00             181.665          -2.991e+01              64.154           2.363e+01     
  70.000         270.000           -6.965e+00          -6.989e+00             181.690          -2.965e+01              60.540           2.403e+01     
  69.000         270.000           -6.629e+00          -6.652e+00             181.707          -2.936e+01              57.037           2.442e+01     
  68.000         270.000           -6.293e+00          -6.316e+00             181.715          -2.904e+01              53.670           2.482e+01     
  67.000         270.000           -5.959e+00          -5.982e+00             181.715          -2.870e+01              50.460           2.522e+01     
  66.000         270.000           -5.626e+00          -5.649e+00             181.707          -2.834e+01              47.422           2.562e+01     
  65.000         270.000           -5.294e+00          -5.318e+00             181.693          -2.796e+01              44.560           2.602e+01     
  64.000         270.000           -4.964e+00          -4.988e+00             181.673          -2.758e+01              41.877           2.642e+01     
  63.000         270.000           -4.636e+00          -4.660e+00             181.647          -2.719e+01              39.370           2.682e+01     
  62.000         270.000           -4.310e+00          -4.334e+00             181.615          -2.679e+01              37.033           2.723e+01     
  61.000         270.000           -3.985e+00          -4.010e+00             181.579          -2.640e+01              34.856           2.764e+01     
  60.000         270.000           -3.663e+00          -3.688e+00             181.538          -2.601e+01              32.829           2.805e+01     
  59.000         270.000           -3.343e+00          -3.369e+00             181.492          -2.562e+01              30.943           2.846e+01     
  58.000         270.000           -3.025e+00          -3.051e+00             181.443          -2.524e+01              29.185           2.887e+01     
  57.000         270.000           -2.710e+00          -2.736e+00             181.390          -2.487e+01              27.544           2.929e+01     
  56.000         270.000           -2.397e+00          -2.424e+00             181.335          -2.451e+01              26.010           2.972e+01     
  55.000         270.000           -2.087e+00          -2.114e+00             181.276          -2.416e+01              24.572           3.015e+01     
  54.000         270.000           -1.779e+00          -1.807e+00             181.214          -2.382e+01              23.220           3.059e+01     
  53.000         270.000           -1.475e+00          -1.502e+00             181.150          -2.350e+01              21.945           3.104e+01     
  52.000         270.000           -1.174e+00          -1.201e+00             181.083          -2.318e+01              20.739           3.150e+01     
  51.000         270.000           -8.754e-01          -9.028e-01             181.015          -2.288e+01              19.593           3.197e+01     
  50.000         270.000           -5.804e-01          -6.078e-01             180.944          -2.260e+01              18.499           3.245e+01     
  49.000         270.000           -2.887e-01          -3.160e-01             180.872          -2.233e+01              17.452           3.295e+01     
  48.000         270.000           -4.628e-04          -2.754e-02             180.799          -2.207e+01              16.444           3.347e+01     
  47.000         270.000            2.844e-01           2.575e-01             180.724          -2.182e+01              15.468           3.402e+01     
  46.000         270.000            5.655e-01           5.390e-01             180.649          -2.159e+01              14.520           3.459e+01     
  45.000         270.000            8.429e-01           8.168e-01             180.573          -2.138e+01              13.594           3.519e+01     
  44.000         270.000            1.117e+00           1.091e+00             180.496          -2.117e+01              12.684           3.582e+01     
  43.000         270.000            1.386e+00           1.361e+00             180.418          -2.099e+01              11.787           3.650e+01     
  42.000         270.000            1.652e+00           1.627e+00             180.340          -2.081e+01              10.896           3.723e+01     
  41.000         270.000            1.914e+00           1.890e+00             180.263          -2.066e+01              10.006           3.802e+01     
  40.000         270.000            2.172e+00           2.148e+00             180.185          -2.052e+01               9.114           3.889e+01     
  39.000         270.000            2.425e+00           2.402e+00             180.107          -2.039e+01               8.215           3.985e+01     
  38.000         270.000            2.674e+00           2.652e+00             180.030          -2.028e+01               7.303           4.000e+01     
  37.000         270.000            2.919e+00           2.898e+00             179.954          -2.018e+01               6.374           4.000e+01     
  36.000         270.000            3.160e+00           3.139e+00             179.879          -2.010e+01               5.423           4.000e+01     
  35.000         270.000            3.396e+00           3.376e+00             179.804          -2.003e+01               4.444           4.000e+01     
  34.000         270.000            3.627e+00           3.608e+00             179.730          -1.998e+01               3.433           4.000e+01     
  33.000         270.000            3.854e+00           3.836e+00             179.658          -1.995e+01               2.383           4.000e+01     
  32.000         270.000            4.076e+00           4.059e+00             179.588          -1.993e+01               1.288           4.000e+01     
  31.000         270.000            4.294e+00           4.277e+00             179.519          -1.993e+01               0.141           4.000e+01     
  30.000         270.000            4.506e+00           4.491e+00             179.452          -1.994e+01             358.936           4.000e+01     
  29.000         270.000            4.714e+00           4.699e+00             179.387          -1.997e+01             357.664           4.000e+01     
  28.000         270.000            4.917e+00           4.903e+00             179.324          -2.001e+01             356.318           4.000e+01     
  27.000         270.000            5.115e+00           5.102e+00             179.263          -2.007e+01             354.888           4.000e+01     
  26.000         270.000            5.308e+00           5.296e+00             179.205          -2.014e+01             353.364           4.000e+01     
  25.000         270.000            5.496e+00           5.484e+00             179.150          -2.023e+01             351.735           4.000e+01     
  24.000         270.000            5.679e+00           5.668e+00             179.097          -2.034e+01             349.991           4.000e+01     
  23.000         270.000            5.857e+00           5.846e+00             179.047          -2.045e+01             348.118           4.000e+01     
  22.000         270.000            6.029e+00           6.020e+00             179.001          -2.058e+01             346.104           3.964e+01     
  21.000         270.000            6.196e+00           6.187e+00             178.958          -2.072e+01             343.937           3.865e+01     
  20.000         270.000            6.358e+00           6.350e+00             178.918          -2.086e+01             341.599           3.775e+01     
  19.000         270.000            6.515e+00           6.507e+00             178.881          -2.101e+01             339.079           3.693e+01     
  18.000         270.000            6.666e+00           6.659e+00             178.848          -2.116e+01             336.365           3.618e+01     
  17.000         270.000            6.812e+00           6.805e+00             178.819          -2.132e+01             333.444           3.549e+01     
  16.000         270.000            6.953e+00           6.946e+00             178.793          -2.146e+01             330.311           3.485e+01     
  15.000         270.000            7.088e+00           7.082e+00             178.772          -2.160e+01             326.961           3.425e+01     
  14.000         270.000            7.217e+00           7.212e+00             178.754          -2.172e+01             323.397           3.369e+01     
  13.000         270.000            7.341e+00           7.336e+00             178.740          -2.181e+01             319.630           3.316e+01     
  12.000         270.000            7.460e+00           7.454e+00             178.731          -2.188e+01             315.679           3.266e+01     
  11.000         270.000            7.572e+00           7.567e+00             178.726          -2.192e+01             311.573           3.219e+01     
  10.000         270.000            7.680e+00           7.675e+00             178.725          -2.191e+01             307.351           3.174e+01     
   9.000         270.000            7.781e+00           7.776e+00             178.728          -2.187e+01             303.059           3.131e+01     
   8.000         270.000            7.877e+00           7.872e+00             178.735          -2.178e+01             298.749           3.091e+01     
   7.000         270.000            7.967e+00           7.962e+00             178.747          -2.165e+01             294.475           3.052e+01     
   6.000         270.000            8.052e+00           8.047e+00             178.763          -2.147e+01             290.288           3.015e+01     
   5.000         270.000            8.130e+00           8.125e+00             178.784          -2.126e+01             286.235           2.979e+01     
   4.000         270.000            8.203e+00           8.198e+00             178.808          -2.101e+01             282.354           2.946e+01     
   3.000         270.000            8.271e+00           8.265e+00             178.837          -2.074e+01             278.675           2.913e+01     
   2.000         270.000            8.332e+00           8.326e+00             178.871          -2.044e+01             275.217           2.882e+01     
   1.000         270.000            8.388e+00           8.382e+00             178.908          -2.012e+01             271.990           2.852e+01     
